2 0.29453125 0.5822916666666667 0.2546875 0.28125
0 0.48046875 0.29583333333333334 0.1953125 0.2333333333333333
0 0.14609375000000002 0.44166666666666665 0.1453125 0.1958333333333333
0 0.12265625000000001 0.265625 0.2078125 0.21458333333333335
0 0.38359375 0.8260416666666667 0.15781250000000002 0.2104166666666667
0 0.26640625 0.8510416666666667 0.15781250000000002 0.2104166666666667
0 0.20859375 0.846875 0.15781249999999997 0.21041666666666659
0 0.10234375 0.846875 0.1578125 0.21041666666666659
0 0.56328125 0.7489583333333334 0.15781250000000002 0.21041666666666659
0 0.73046875 0.7385416666666667 0.1578124999999999 0.2104166666666667
0 0.83671875 0.515625 0.15781250000000002 0.2104166666666667
0 0.83046875 0.11770833333333333 0.1796875 0.22708333333333333
0 0.6499999999999999 0.1 0.18125000000000002 0.19583333333333333
0 0.2640625 0.1 0.18125 0.19583333333333333
0 0.2953125 0.259375 0.18125 0.19791666666666666
1 0.035937500000000004 0.08333333333333333 0.06875 0.0875
1 0.88359375 0.6427083333333334 0.0546875 0.06458333333333333
0 0.68671875 0.47291666666666665 0.1953125 0.23333333333333334
0 0.82890625 0.9072916666666666 0.13593749999999993 0.18541666666666667
