0 0.875 0.825 0.1656249999999999 0.24583333333333335
0 0.9390625 0.6781250000000001 0.12187499999999996 0.19791666666666663
0 0.87578125 0.49583333333333335 0.1796875 0.23750000000000004
0 0.2796875 0.5333333333333333 0.15624999999999997 0.21666666666666673
0 0.5671875 0.8458333333333334 0.13124999999999998 0.22083333333333333
0 0.6328125 0.8479166666666667 0.15625 0.21666666666666667
0 0.20625 0.17604166666666665 0.18125 0.2520833333333333
0 0.8125 0.08125000000000002 0.1781250000000001 0.15833333333333335
0 0.1953125 0.8708333333333333 0.15625 0.21666666666666667
0 0.2921875 0.8010416666666667 0.14375000000000002 0.16874999999999996
0 0.6203125 0.625 0.15312500000000007 0.20833333333333326
2 0.43984375 0.3375 0.3078125 0.42500000000000004
1 0.846875 0.2989583333333333 0.04999999999999993 0.0854166666666667
