0 0.85078125 0.3375 0.1796875 0.23333333333333334
0 0.84765625 0.56875 0.1796875 0.23333333333333334
0 0.08437499999999999 0.790625 0.165625 0.2354166666666666
0 0.778125 0.76875 0.15937499999999993 0.19583333333333341
0 0.4375 0.21458333333333335 0.15937500000000004 0.19583333333333333
0 0.060937500000000006 0.06875 0.11875000000000001 0.13333333333333333
0 0.584375 0.6489583333333333 0.15937500000000004 0.16041666666666665
0 0.30156249999999996 0.6302083333333334 0.159375 0.16041666666666665
0 0.425 0.3885416666666667 0.15937499999999993 0.16041666666666665
0 0.6109375 0.08125000000000002 0.15937500000000004 0.15833333333333335
0 0.36953125 0.825 0.1609375 0.18333333333333335
0 0.19921875 0.30624999999999997 0.16093749999999998 0.18333333333333332
0 0.70703125 0.3333333333333333 0.16718750000000004 0.2208333333333333
0 0.65625 0.8687499999999999 0.18437499999999996 0.21666666666666667
0 0.41328125 0.6604166666666667 0.1171875 0.15000000000000002
2 0.0953125 0.5364583333333334 0.1875 0.24374999999999997
1 0.8515625 0.6489583333333333 0.04062499999999991 0.05625000000000002
