0 0.14609375000000002 0.5385416666666667 0.17343750000000002 0.25625
0 0.13593750000000002 0.25729166666666664 0.17500000000000002 0.21041666666666667
0 0.2421875 0.19375 0.14687499999999998 0.2
0 0.6640625 0.3833333333333333 0.1468750000000001 0.2
0 0.35 0.6968749999999999 0.18124999999999997 0.18541666666666667
0 0.15625 0.9072916666666666 0.18125000000000002 0.18541666666666667
0 0.909375 0.22916666666666669 0.18125000000000002 0.19999999999999998
0 0.48124999999999996 0.54375 0.20312499999999994 0.24166666666666664
0 0.56015625 0.8208333333333333 0.1640625 0.22083333333333333
0 0.89765625 0.4385416666666667 0.18281249999999993 0.21875000000000006
2 0.4375 0.13749999999999998 0.33437500000000003 0.2708333333333333
