0 0.23828125 0.23020833333333335 0.18593749999999998 0.19375
0 0.0734375 0.14791666666666667 0.14375000000000002 0.2916666666666667
0 0.09765625 0.8854166666666667 0.1484375 0.20833333333333337
0 0.51640625 0.5791666666666666 0.20781250000000007 0.22916666666666663
0 0.1046875 0.5395833333333333 0.20625000000000002 0.22916666666666669
0 0.84921875 0.7229166666666667 0.20781249999999996 0.22916666666666674
0 0.7375 0.5395833333333333 0.15625 0.21666666666666667
0 0.775 0.8916666666666666 0.15625 0.21666666666666667
0 0.42812500000000003 0.3125 0.18125000000000002 0.21250000000000002
0 0.2625 0.7166666666666667 0.18125000000000002 0.2124999999999999
2 0.49765625 0.8239583333333333 0.1921875 0.2520833333333333
