0 0.10078124999999999 0.6833333333333333 0.1578125 0.22083333333333333
0 0.0796875 0.8895833333333334 0.15625 0.22083333333333333
0 0.6148437499999999 0.8729166666666666 0.15781250000000002 0.22083333333333333
0 0.5296875 0.9020833333333333 0.140625 0.1958333333333333
0 0.590625 0.6145833333333334 0.140625 0.1958333333333333
0 0.375 0.13958333333333334 0.13124999999999998 0.275
0 0.7875 0.415625 0.13749999999999996 0.2229166666666667
0 0.8421875 0.4135416666666667 0.13749999999999996 0.2229166666666667
0 0.92421875 0.4354166666666667 0.15156250000000004 0.21249999999999997
0 0.8984375 0.6645833333333333 0.171875 0.21666666666666667
0 0.55390625 0.46770833333333334 0.13906249999999998 0.17291666666666672
0 0.91640625 0.07812500000000001 0.16718750000000004 0.15208333333333335
2 0.54296875 0.2197916666666667 0.20468749999999997 0.2645833333333334
1 0.78828125 0.7333333333333334 0.06093749999999998 0.06666666666666676
