0 0.846875 0.634375 0.16875000000000007 0.21875
0 0.6875 0.35520833333333335 0.1468750000000001 0.18125000000000002
0 0.80078125 0.24583333333333335 0.1640625 0.225
0 0.08984375 0.7770833333333333 0.1640625 0.22499999999999998
0 0.42421875000000003 0.7510416666666666 0.15781250000000002 0.18958333333333333
0 0.49296874999999996 0.13958333333333334 0.1515625 0.20833333333333331
2 0.3765625 0.2979166666666667 0.2375 0.30000000000000004
1 0.8859375 0.884375 0.05625000000000002 0.08125000000000004
1 0.8296874999999999 0.8760416666666666 0.05625000000000002 0.08124999999999993
0 0.57578125 0.7104166666666667 0.14531249999999996 0.20833333333333337
0 0.71328125 0.7083333333333333 0.14531249999999996 0.20833333333333337
