0 0.055468750000000004 0.6822916666666666 0.1078125 0.21458333333333335
0 0.384375 0.846875 0.2 0.21458333333333335
0 0.234375 0.571875 0.15312499999999998 0.21875
0 0.88671875 0.48958333333333337 0.1640625 0.2416666666666667
0 0.63359375 0.91875 0.1484375 0.16249999999999998
0 0.1953125 0.915625 0.16874999999999998 0.16874999999999996
0 0.07265624999999999 0.10833333333333334 0.1421875 0.2125
0 0.7140625 0.5052083333333334 0.16249999999999998 0.2145833333333334
0 0.39531249999999996 0.6166666666666667 0.2 0.22499999999999998
0 0.56171875 0.7614583333333333 0.18281249999999993 0.21458333333333335
0 0.21484375 0.415625 0.12343749999999998 0.1520833333333333
2 0.5023437500000001 0.3364583333333333 0.3609375 0.46041666666666664
