0 0.1171875 0.11250000000000002 0.171875 0.22083333333333335
0 0.3046875 0.2552083333333333 0.171875 0.22291666666666665
0 0.078125 0.790625 0.153125 0.2104166666666667
0 0.478125 0.5 0.15937500000000004 0.21666666666666662
0 0.653125 0.2625 0.15937499999999993 0.21666666666666667
0 0.91953125 0.38125 0.16093749999999996 0.21666666666666667
0 0.85390625 0.5854166666666667 0.16093749999999996 0.21666666666666662
0 0.7125 0.5666666666666667 0.13749999999999996 0.175
0 0.75625 0.9322916666666667 0.13749999999999996 0.13541666666666663
0 0.09843750000000001 0.3208333333333333 0.15937500000000002 0.21666666666666665
0 0.20078125000000002 0.609375 0.14843750000000003 0.2520833333333334
2 0.31953125 0.8489583333333333 0.2109375 0.2645833333333333
