0 0.52734375 0.7625 0.18281250000000004 0.23333333333333328
0 0.675 0.4854166666666666 0.18437500000000007 0.175
0 0.78203125 0.8364583333333333 0.16718749999999993 0.19374999999999998
0 0.86953125 0.4385416666666667 0.1640625 0.22708333333333336
0 0.85859375 0.7270833333333333 0.15781250000000002 0.19166666666666665
0 0.72734375 0.9302083333333333 0.14531250000000007 0.13958333333333328
0 0.15703125 0.8364583333333333 0.12968749999999998 0.20208333333333328
0 0.39453125 0.34479166666666666 0.15468749999999998 0.19791666666666666
0 0.8382812500000001 0.11354166666666667 0.15468749999999998 0.19791666666666666
0 0.65625 0.29270833333333335 0.18437499999999996 0.19375
0 0.12265625 0.12395833333333334 0.1546875 0.19791666666666669
0 0.23125 0.30625 0.1625 0.18750000000000003
0 0.43671875000000004 0.11145833333333333 0.1609375 0.20625
0 0.5921875 0.08333333333333334 0.16874999999999996 0.1625
0 0.27109375 0.10416666666666667 0.14843750000000003 0.20416666666666666
0 0.08359375 0.5010416666666666 0.1640625 0.18541666666666667
2 0.321875 0.6729166666666667 0.278125 0.3875
