0 0.26875 0.34270833333333334 0.17812499999999998 0.23541666666666664
0 0.1515625 0.16874999999999998 0.15625 0.2333333333333333
0 0.40703125 0.2552083333333333 0.10781249999999998 0.21041666666666667
0 0.40625 0.48333333333333334 0.17500000000000004 0.22916666666666663
0 0.3765625 0.690625 0.153125 0.20624999999999993
0 0.55546875 0.6239583333333333 0.17343750000000002 0.21875
0 0.8882812499999999 0.8572916666666667 0.20156249999999998 0.2437499999999999
0 0.11484375000000001 0.5875 0.15781250000000002 0.21666666666666662
0 0.16328125 0.7385416666666667 0.1921875 0.26041666666666674
0 0.5734375 0.39479166666666665 0.16562500000000002 0.21041666666666664
0 0.81484375 0.18229166666666666 0.20781249999999996 0.17708333333333331
0 0.5718749999999999 0.09062500000000001 0.17812499999999998 0.17708333333333334
0 0.421875 0.08541666666666668 0.14687499999999998 0.16666666666666669
0 0.671875 0.875 0.18437499999999996 0.25
1 0.25468749999999996 0.7093750000000001 0.04999999999999999 0.060416666666666674
1 0.34609375 0.8697916666666666 0.06718750000000001 0.0854166666666667
2 0.7796875 0.5010416666666666 0.375 0.5395833333333333
