2 0.375 0.4135416666666667 0.27812499999999996 0.3354166666666667
0 0.28359375 0.7947916666666667 0.1890625 0.2437499999999999
0 0.5796874999999999 0.365625 0.14687499999999998 0.2520833333333333
0 0.775 0.803125 0.14375000000000004 0.2354166666666666
0 0.7390625 0.8760416666666666 0.14374999999999993 0.23541666666666672
0 0.45 0.8145833333333333 0.18125000000000002 0.2416666666666667
0 0.7789062499999999 0.26979166666666665 0.15781250000000002 0.16041666666666665
0 0.9453125 0.721875 0.109375 0.23541666666666672
0 0.90625 0.253125 0.1781250000000001 0.21875
0 0.61328125 0.5791666666666666 0.18281250000000004 0.2458333333333333
0 0.79296875 0.5958333333333333 0.18281250000000004 0.24583333333333335
0 0.1765625 0.44895833333333335 0.146875 0.25208333333333327
1 0.1765625 0.7208333333333333 0.05000000000000002 0.07916666666666661
