0 0.49140625 0.7770833333333333 0.17343750000000002 0.2333333333333334
0 0.25703125 0.8302083333333333 0.21718749999999998 0.23124999999999996
0 0.49374999999999997 0.215625 0.17812499999999998 0.19375
0 0.93671875 0.09166666666666667 0.12656250000000002 0.17916666666666667
0 0.7609375 0.12083333333333335 0.16875000000000007 0.23750000000000002
0 0.93203125 0.38020833333333337 0.13593750000000004 0.28125
0 0.76484375 0.7010416666666667 0.13593749999999993 0.28125
0 0.68046875 0.40104166666666663 0.13593749999999993 0.28124999999999994
0 0.09375 0.2833333333333333 0.184375 0.2666666666666667
0 0.91328125 0.6958333333333333 0.17343750000000002 0.23333333333333328
2 0.271875 0.16145833333333331 0.2125 0.27291666666666664
1 0.5296875000000001 0.33333333333333337 0.07187500000000002 0.08333333333333331
1 0.5890625 0.48958333333333337 0.07187500000000002 0.08333333333333331
0 0.19609375 0.5770833333333333 0.17343750000000002 0.23333333333333334
