0 0.69296875 0.2677083333333333 0.18281250000000004 0.26041666666666663
0 0.49062500000000003 0.23958333333333331 0.16562500000000002 0.17500000000000002
0 0.8359375 0.478125 0.1625000000000001 0.30624999999999997
0 0.671875 0.6677083333333333 0.15625 0.21458333333333335
0 0.2125 0.08541666666666668 0.175 0.16666666666666669
0 0.75703125 0.9270833333333333 0.1171875 0.14583333333333337
0 0.41953125 0.8395833333333333 0.20468749999999997 0.22083333333333333
0 0.565625 0.8031250000000001 0.1375 0.19791666666666663
0 0.07890625 0.41145833333333337 0.1546875 0.23125
0 0.86875 0.159375 0.15625 0.23125
0 0.9421875 0.9083333333333333 0.11562499999999998 0.18333333333333335
2 0.44921875 0.5260416666666667 0.31093750000000003 0.36458333333333337
0 0.2390625 0.5 0.16562500000000002 0.17500000000000004
0 0.315625 0.746875 0.196875 0.22708333333333341
