0 0.10859375000000002 0.49479166666666663 0.15156250000000002 0.21041666666666664
0 0.37890625 0.2947916666666667 0.15156250000000004 0.2104166666666667
0 0.92421875 0.584375 0.15156250000000004 0.21041666666666664
0 0.76484375 0.3885416666666667 0.18281249999999993 0.21875
0 0.40078125 0.525 0.1453125 0.20416666666666666
0 0.25312500000000004 0.08541666666666668 0.1375 0.16666666666666669
0 0.33281249999999996 0.8572916666666667 0.1375 0.16874999999999996
0 0.15703125 0.265625 0.1953125 0.20625000000000002
0 0.6765625 0.22604166666666667 0.15625 0.19791666666666669
2 0.67109375 0.7416666666666667 0.19843749999999993 0.25416666666666665
