2 0.22890624999999998 0.34791666666666665 0.2203125 0.25416666666666665
2 0.8882812499999999 0.8166666666666667 0.22031250000000002 0.3666666666666667
1 0.303125 0.19895833333333335 0.05312500000000003 0.08125000000000002
1 0.121875 0.959375 0.053125000000000006 0.08125000000000004
0 0.12578125 0.7895833333333333 0.19843750000000002 0.20416666666666672
0 0.26640624999999996 0.8208333333333333 0.1984375 0.20416666666666672
0 0.23359375 0.5666666666666667 0.19843750000000002 0.2041666666666666
0 0.14765625000000002 0.5354166666666667 0.19843750000000002 0.2041666666666666
0 0.67265625 0.6979166666666667 0.19843749999999993 0.20416666666666672
0 0.63984375 0.4666666666666667 0.19843749999999993 0.20416666666666666
0 0.56171875 0.19791666666666669 0.19843749999999993 0.20416666666666666
0 0.7250000000000001 0.2833333333333333 0.14687499999999998 0.21666666666666667
0 0.07968750000000001 0.10937500000000001 0.146875 0.21458333333333335
0 0.060937500000000006 0.309375 0.11875000000000001 0.21458333333333335
0 0.940625 0.22499999999999998 0.11875000000000002 0.24583333333333332
0 0.8828125 0.38645833333333335 0.1812499999999999 0.24791666666666662
