2 0.58671875 0.5760416666666667 0.3609375 0.4145833333333333
0 0.20468749999999997 0.803125 0.16562499999999997 0.20625000000000004
0 0.18124999999999997 0.596875 0.16562499999999997 0.20624999999999993
0 0.4171875 0.8572916666666667 0.16562500000000002 0.20625000000000004
0 0.71875 0.8302083333333333 0.14375000000000004 0.1937500000000001
0 0.93359375 0.8447916666666666 0.1328125 0.20624999999999993
0 0.809375 0.9291666666666667 0.15312500000000007 0.14166666666666672
0 0.06874999999999999 0.8020833333333333 0.134375 0.21666666666666667
0 0.07734375 0.9229166666666666 0.1421875 0.15416666666666667
0 0.3140625 0.2583333333333333 0.14375 0.20833333333333331
0 0.08984375 0.25625 0.1453125 0.16250000000000003
0 0.91640625 0.18541666666666667 0.1640625 0.20833333333333337
0 0.92734375 0.5104166666666667 0.14531249999999996 0.20833333333333337
0 0.67890625 0.12708333333333333 0.14531250000000007 0.20833333333333334
0 0.33984375 0.46875 0.14531249999999996 0.20833333333333331
0 0.4953125 0.08750000000000001 0.17812499999999998 0.17083333333333334
0 0.44687499999999997 0.27604166666666663 0.17812499999999998 0.17291666666666666
0 0.19765624999999998 0.39479166666666665 0.17968749999999997 0.18958333333333333
0 0.840625 0.37604166666666666 0.17499999999999993 0.20625000000000004
0 0.6499999999999999 0.27604166666666663 0.15000000000000002 0.18124999999999997
