0 0.3015625 0.3208333333333333 0.15625 0.24583333333333332
0 0.3421875 0.51875 0.14375 0.22916666666666663
0 0.18515625000000002 0.12916666666666665 0.14843750000000003 0.2125
0 0.74765625 0.17291666666666666 0.1484375 0.21250000000000002
0 0.83984375 0.17291666666666666 0.1484375 0.21250000000000002
0 0.76171875 0.40625 0.1484375 0.21249999999999997
0 0.89765625 0.44166666666666665 0.1484375 0.21250000000000008
0 0.73515625 0.625 0.16718749999999993 0.2250000000000001
0 0.67421875 0.7416666666666667 0.16718750000000004 0.22499999999999998
0 0.14296874999999998 0.5375000000000001 0.1421875 0.21250000000000002
0 0.17109375 0.8604166666666666 0.1734375 0.22083333333333333
0 0.8796875 0.7770833333333333 0.15937499999999993 0.19166666666666665
2 0.496875 0.271875 0.303125 0.39375
1 0.5726562500000001 0.69375 0.04843750000000002 0.06666666666666665
1 0.08515625 0.384375 0.0546875 0.07708333333333334
