0 0.11875 0.7833333333333333 0.178125 0.2666666666666666
0 0.5703125 0.8802083333333333 0.17812500000000003 0.23958333333333337
0 0.87421875 0.628125 0.18593749999999998 0.23958333333333337
0 0.8390625 0.425 0.19687500000000002 0.22083333333333333
0 0.94140625 0.18541666666666665 0.1171875 0.26249999999999996
0 0.81015625 0.18958333333333333 0.14531249999999996 0.24166666666666667
0 0.6390625000000001 0.11145833333333334 0.19687500000000002 0.21875
0 0.64765625 0.31354166666666666 0.18281249999999993 0.19374999999999998
0 0.43046874999999996 0.27395833333333336 0.1828125 0.19375
0 0.6656249999999999 0.5302083333333333 0.15000000000000002 0.20625
0 0.8078125 0.9114583333333333 0.15625 0.17708333333333337
0 0.37578125 0.925 0.15781250000000002 0.15000000000000002
0 0.31953125 0.7583333333333333 0.1734375 0.1958333333333333
0 0.1015625 0.34270833333333334 0.2 0.23124999999999998
2 0.48828125 0.5708333333333333 0.32968749999999997 0.47500000000000003
