0 0.055468750000000004 0.81875 0.1078125 0.19999999999999996
0 0.140625 0.6739583333333333 0.16562500000000002 0.21875
0 0.278125 0.5614583333333333 0.16562500000000002 0.21874999999999994
0 0.3046875 0.8739583333333333 0.16562500000000002 0.21875
0 0.41640625 0.715625 0.1515625 0.19791666666666663
0 0.515625 0.8812500000000001 0.14687500000000003 0.22916666666666663
0 0.7734375 0.6333333333333333 0.1781250000000001 0.22499999999999998
0 0.7296875 0.39166666666666666 0.17499999999999993 0.22916666666666663
0 0.19140625 0.21666666666666667 0.1640625 0.22916666666666666
0 0.75390625 0.14166666666666666 0.1640625 0.22916666666666663
0 0.5874999999999999 0.6499999999999999 0.17812499999999998 0.22499999999999998
0 0.7359375 0.9020833333333333 0.15937500000000004 0.1958333333333333
0 0.93671875 0.8010416666666667 0.12656250000000002 0.2270833333333333
2 0.42734375 0.30624999999999997 0.36093749999999997 0.4666666666666666
1 0.8726562499999999 0.39375000000000004 0.12343749999999998 0.14583333333333331
1 0.84375 0.03958333333333333 0.07187499999999991 0.075
