0 0.35390625 0.6947916666666667 0.1453125 0.21875
0 0.45703125 0.8239583333333333 0.14531249999999996 0.21875
0 0.7679687500000001 0.64375 0.18593749999999998 0.21666666666666667
0 0.90703125 0.53125 0.18593749999999998 0.21666666666666662
0 0.91796875 0.31979166666666664 0.1640625 0.21874999999999997
0 0.60546875 0.7093750000000001 0.1734374999999999 0.25625
0 0.3453125 0.10729166666666667 0.184375 0.21041666666666667
0 0.178125 0.24375 0.184375 0.21249999999999997
0 0.3109375 0.44583333333333336 0.184375 0.21250000000000002
0 0.09218749999999999 0.66875 0.18125 0.21250000000000002
2 0.5726562500000001 0.3572916666666667 0.3609375 0.48541666666666666
