0 0.31015625 0.49583333333333335 0.16406250000000003 0.2416666666666667
0 0.17812499999999998 0.6812499999999999 0.20312499999999997 0.21250000000000002
0 0.1453125 0.3927083333333333 0.1875 0.24791666666666673
0 0.18203124999999998 0.19375 0.1828125 0.2
0 0.4859375 0.7260416666666667 0.1375 0.23541666666666672
0 0.32578125 0.78125 0.1765625 0.22083333333333344
0 0.61484375 0.10937500000000001 0.21406250000000004 0.21458333333333335
0 0.16640624999999998 0.903125 0.1671875 0.18125000000000002
0 0.6375 0.8083333333333333 0.19062499999999993 0.19999999999999996
2 0.7328125000000001 0.40312499999999996 0.353125 0.5145833333333333
