0 0.0953125 0.19687499999999997 0.15625 0.2145833333333333
0 0.08437499999999999 0.478125 0.165625 0.2645833333333334
0 0.2203125 0.7833333333333333 0.14999999999999997 0.2041666666666666
0 0.259375 0.48124999999999996 0.18124999999999997 0.22916666666666669
0 0.43593750000000003 0.2 0.18125000000000002 0.22916666666666666
0 0.615625 0.8927083333333333 0.14375000000000004 0.21458333333333335
0 0.3453125 0.8927083333333333 0.15625 0.21458333333333335
0 0.60625 0.4135416666666667 0.18437500000000007 0.21458333333333335
0 0.7789062499999999 0.15833333333333333 0.12343749999999998 0.1958333333333333
0 0.8765624999999999 0.415625 0.16562500000000002 0.21458333333333335
0 0.925 0.18125000000000002 0.14374999999999993 0.19166666666666668
0 0.61796875 0.64375 0.18281249999999993 0.24583333333333335
0 0.48750000000000004 0.3822916666666667 0.15625000000000006 0.20208333333333334
1 0.49765625 0.5562499999999999 0.0703125 0.09999999999999998
2 0.8546875 0.7552083333333333 0.290625 0.39374999999999993
