0 0.1984375 0.6177083333333333 0.15625 0.19374999999999998
0 0.35390625 0.7166666666666667 0.1359375 0.1958333333333333
0 0.48046875 0.7229166666666667 0.15156250000000004 0.22083333333333333
0 0.76171875 0.7124999999999999 0.16718750000000004 0.20833333333333337
0 0.896875 0.6895833333333333 0.16874999999999996 0.2416666666666667
0 0.14453125 0.8916666666666667 0.15781250000000002 0.1875
0 0.24375000000000002 0.36041666666666666 0.17187500000000003 0.25
0 0.08203125000000001 0.32708333333333334 0.15781250000000002 0.1875
0 0.60078125 0.5208333333333334 0.16093750000000007 0.21249999999999997
0 0.75 0.4239583333333333 0.15937500000000004 0.18124999999999997
0 0.9140625 0.16770833333333335 0.15937500000000004 0.18125000000000002
0 0.14609375000000002 0.128125 0.17343750000000002 0.21041666666666667
1 0.6234375000000001 0.9322916666666666 0.06874999999999998 0.09375
2 0.49296875 0.175 0.3265625 0.3458333333333333
1 0.11249999999999999 0.03645833333333333 0.062499999999999986 0.06874999999999999
