0 0.275 0.909375 0.178125 0.17708333333333337
0 0.38125 0.08958333333333335 0.17812500000000003 0.17500000000000002
0 0.8656250000000001 0.5791666666666667 0.16562500000000002 0.2
0 0.8953125 0.9 0.16562500000000002 0.19999999999999996
0 0.55703125 0.475 0.1796875 0.22083333333333338
0 0.23984375000000002 0.15416666666666667 0.17968750000000003 0.22083333333333333
0 0.16015625 0.35833333333333334 0.1796875 0.22083333333333333
0 0.15781250000000002 0.6760416666666667 0.16875 0.25625
0 0.9171875 0.7135416666666667 0.16562500000000002 0.19791666666666663
0 0.753125 0.390625 0.16562500000000002 0.19791666666666663
2 0.36171875 0.30104166666666665 0.20156250000000003 0.25625
2 0.6609375 0.8197916666666667 0.15000000000000002 0.18958333333333333
