0 0.10234375000000001 0.59375 0.15156250000000002 0.20833333333333331
0 0.40390625 0.6708333333333334 0.1515625 0.20833333333333337
0 0.6015625 0.3875 0.1875 0.21666666666666667
0 0.5078125 0.22395833333333331 0.171875 0.21041666666666667
0 0.34609375 0.09062500000000001 0.1921875 0.17708333333333334
0 0.38125 0.42291666666666666 0.16875 0.20833333333333337
0 0.753125 0.8947916666666667 0.16875000000000007 0.2104166666666667
0 0.8296875 0.5135416666666667 0.16874999999999996 0.2104166666666667
0 0.8296875 0.11875 0.13749999999999996 0.17083333333333334
0 0.8890625 0.33958333333333335 0.13749999999999996 0.17083333333333334
0 0.090625 0.7916666666666666 0.178125 0.24583333333333335
0 0.2625 0.74375 0.178125 0.2041666666666666
2 0.6429687500000001 0.671875 0.22031250000000002 0.26041666666666674
1 0.50859375 0.7447916666666667 0.06093749999999998 0.06458333333333333
1 0.7124999999999999 0.44999999999999996 0.05625000000000002 0.07500000000000001
