0 0.16640625000000003 0.8166666666666667 0.17031250000000003 0.25
0 0.38671875 0.7614583333333333 0.22343749999999996 0.2104166666666667
0 0.14531249999999998 0.21250000000000002 0.18437499999999998 0.225
0 0.5921875 0.2 0.18437499999999996 0.225
0 0.41171874999999997 0.29791666666666666 0.18593749999999998 0.25
0 0.91484375 0.5114583333333333 0.15468749999999998 0.20625000000000004
0 0.21015625000000002 0.4708333333333333 0.1609375 0.21666666666666673
0 0.2546875 0.3885416666666667 0.13125 0.17708333333333337
0 0.384375 0.5333333333333333 0.17812500000000003 0.1875
0 0.29921875 0.125 0.13906250000000003 0.19166666666666665
0 0.871875 0.253125 0.17812499999999998 0.20208333333333336
0 0.06328125 0.41666666666666663 0.1234375 0.2458333333333333
0 0.80546875 0.43333333333333335 0.09531250000000002 0.13333333333333336
2 0.609375 0.653125 0.39999999999999997 0.5104166666666667
