0 0.28515625 0.6739583333333333 0.18906250000000002 0.22291666666666665
0 0.09765625000000001 0.378125 0.18906250000000002 0.22291666666666665
0 0.46953125 0.19270833333333331 0.18906250000000002 0.22291666666666665
0 0.6375 0.26875 0.16875000000000007 0.20833333333333334
0 0.7671875 0.19374999999999998 0.16874999999999996 0.20833333333333331
0 0.83984375 0.3729166666666667 0.16718750000000004 0.21250000000000002
0 0.26484375000000004 0.09791666666666668 0.1609375 0.19166666666666668
0 0.4515625 0.4375 0.1875 0.1875
0 0.92578125 0.184375 0.1484375 0.19791666666666666
0 0.57578125 0.50625 0.17343749999999997 0.1958333333333333
0 0.4078125 0.575 0.171875 0.22083333333333333
0 0.35703125 0.8083333333333333 0.1484375 0.20833333333333326
0 0.7921875 0.54375 0.20937499999999998 0.14166666666666672
2 0.69140625 0.7510416666666666 0.24531250000000004 0.2979166666666667
1 0.45234375000000004 0.8958333333333334 0.05781249999999999 0.0708333333333333
1 0.8726562499999999 0.7572916666666667 0.04843750000000002 0.060416666666666674
