0 0.4203125 0.6854166666666667 0.20625 0.26249999999999996
0 0.8109375000000001 0.6166666666666667 0.13124999999999998 0.1791666666666667
0 0.66875 0.6979166666666666 0.16562500000000002 0.1875
0 0.6875 0.4 0.1499999999999999 0.16666666666666669
0 0.51875 0.4625 0.17187500000000006 0.18333333333333335
0 0.3578125 0.25520833333333337 0.14375 0.19375000000000003
0 0.184375 0.215625 0.16874999999999998 0.23124999999999998
0 0.5390625 0.14583333333333331 0.18437499999999996 0.2125
0 0.79453125 0.21875 0.17656249999999996 0.22499999999999998
0 0.2 0.6770833333333334 0.15625 0.19166666666666665
0 0.146875 0.465625 0.16875 0.23958333333333337
0 0.56171875 0.8760416666666666 0.17031249999999998 0.22291666666666676
2 0.81328125 0.834375 0.37031249999999993 0.33125000000000004
