0 0.6109375 0.6322916666666667 0.21562499999999996 0.22291666666666665
0 0.09375 0.6 0.184375 0.22500000000000003
0 0.13125 0.33958333333333335 0.18125 0.2375
0 0.0921875 0.09791666666666668 0.171875 0.19166666666666668
0 0.3265625 0.31354166666666666 0.17187499999999997 0.19374999999999998
0 0.28828125 0.521875 0.1640625 0.19375000000000003
0 0.48750000000000004 0.4197916666666667 0.1375 0.26875000000000004
0 0.5140625 0.8895833333333334 0.16250000000000003 0.20833333333333337
0 0.21953125 0.8239583333333333 0.1953125 0.2270833333333333
0 0.91953125 0.5385416666666667 0.16093749999999996 0.23541666666666666
0 0.91953125 0.31666666666666665 0.16093749999999996 0.23333333333333334
0 0.74140625 0.7645833333333334 0.16093750000000007 0.23333333333333328
0 0.42109375000000004 0.66875 0.1609375 0.23333333333333328
0 0.878125 0.06354166666666666 0.19374999999999998 0.12291666666666666
2 0.39921874999999996 0.13229166666666667 0.3546875 0.2604166666666667
