0 0.665625 0.6854166666666667 0.171875 0.2124999999999999
0 0.9171875 0.44687499999999997 0.15312500000000007 0.19791666666666663
0 0.85625 0.22916666666666666 0.15937499999999993 0.20416666666666666
0 0.23125 0.5656249999999999 0.13437500000000002 0.21041666666666664
0 0.41796875 0.815625 0.1328125 0.17708333333333337
0 0.17031249999999998 0.6489583333333333 0.134375 0.18958333333333333
0 0.07265624999999999 0.07604166666666667 0.1421875 0.14791666666666667
0 0.11328125 0.40312499999999996 0.1296875 0.17291666666666666
0 0.6585937500000001 0.41354166666666664 0.13906249999999998 0.18958333333333333
0 0.496875 0.171875 0.19374999999999998 0.2270833333333333
0 0.17031249999999998 0.20520833333333333 0.14375 0.23125
0 0.73046875 0.23958333333333331 0.1546875000000001 0.2125
0 0.54921875 0.8510416666666667 0.13906250000000003 0.18958333333333333
2 0.4203125 0.459375 0.284375 0.3770833333333334
1 0.07890625000000001 0.8989583333333333 0.06718750000000001 0.07291666666666663
