0 0.36796874999999996 0.3458333333333333 0.1609375 0.25416666666666665
0 0.20390625 0.30104166666666665 0.17343750000000002 0.24791666666666665
0 0.5453125000000001 0.55 0.18125000000000002 0.2875
0 0.86640625 0.7604166666666667 0.17031249999999998 0.21666666666666667
0 0.49609375 0.21770833333333334 0.15156250000000004 0.2104166666666667
0 0.2734375 0.07604166666666667 0.14687499999999998 0.14791666666666667
0 0.82421875 0.46354166666666663 0.15156250000000004 0.21041666666666664
0 0.8859375 0.17812499999999998 0.18437500000000007 0.23958333333333331
0 0.07109375 0.4677083333333334 0.1390625 0.22708333333333336
0 0.715625 0.7697916666666667 0.13437500000000002 0.19791666666666674
0 0.68046875 0.3052083333333333 0.15156249999999993 0.21041666666666664
2 0.37734375 0.8260416666666667 0.3078125 0.34791666666666665
