0 0.8304687500000001 0.14687499999999998 0.18906250000000002 0.24791666666666665
0 0.93125 0.5395833333333333 0.13749999999999996 0.2458333333333333
0 0.9 0.7729166666666667 0.17500000000000004 0.24583333333333335
0 0.17890625 0.6614583333333333 0.1765625 0.23958333333333337
0 0.60859375 0.43125 0.16718749999999993 0.20416666666666666
0 0.21484375 0.8916666666666666 0.16718750000000002 0.20416666666666672
0 0.44375 0.7802083333333334 0.17812500000000003 0.22708333333333341
0 0.04687500000000001 0.7895833333333333 0.09062500000000001 0.21666666666666667
0 0.64765625 0.746875 0.12031249999999993 0.20208333333333328
1 0.34140625 0.12291666666666667 0.2609375 0.24166666666666667
