0 0.35624999999999996 0.7375 0.190625 0.23333333333333328
0 0.08203125 0.721875 0.1609375 0.21458333333333335
0 0.7734375 0.20937499999999998 0.1625000000000001 0.21458333333333332
0 0.6984375 0.2552083333333333 0.16249999999999998 0.21458333333333332
0 0.6156250000000001 0.36354166666666665 0.17812499999999998 0.26875000000000004
0 0.390625 0.41145833333333337 0.19687500000000002 0.23541666666666666
0 0.22734375 0.1 0.1640625 0.19583333333333333
0 0.37890625 0.21458333333333335 0.17656249999999996 0.21250000000000002
0 0.5734375 0.08958333333333335 0.16875 0.17500000000000002
0 0.51875 0.64375 0.14687499999999998 0.19166666666666665
0 0.5328125 0.7739583333333333 0.15625 0.18958333333333333
0 0.5328125 0.878125 0.15625 0.18958333333333333
0 0.7171875 0.903125 0.15625 0.18958333333333333
0 0.19765624999999998 0.734375 0.16406249999999997 0.2354166666666666
2 0.8765625 0.7510416666666666 0.24687499999999996 0.38541666666666663
1 0.7375 0.646875 0.05937500000000007 0.07708333333333339
1 0.41171875 0.059375 0.05156250000000001 0.08958333333333333
