2 0.31953125 0.375 0.2359375 0.2958333333333334
0 0.21484375 0.5854166666666667 0.17031249999999998 0.21249999999999997
0 0.54453125 0.621875 0.14218749999999997 0.2520833333333333
0 0.4859375 0.6354166666666666 0.109375 0.25
0 0.4359375 0.6854166666666667 0.109375 0.25
0 0.396875 0.7229166666666667 0.109375 0.25
0 0.3515625 0.73125 0.109375 0.25
0 0.7757812500000001 0.5625 0.17031249999999998 0.21249999999999997
0 0.69609375 0.5375000000000001 0.17031249999999998 0.21250000000000002
0 0.81640625 0.7375 0.1703125000000001 0.21250000000000002
0 0.94921875 0.796875 0.1015625 0.21458333333333335
0 0.94375 0.28541666666666665 0.11250000000000004 0.2
0 0.915625 0.17708333333333331 0.16874999999999996 0.20416666666666666
0 0.63671875 0.26979166666666665 0.1796875 0.23125
0 0.55546875 0.09583333333333334 0.1828125 0.1875
0 0.63359375 0.884375 0.1796875 0.23124999999999996
0 0.36171875 0.9052083333333334 0.17031250000000003 0.18958333333333333
0 0.18046875 0.159375 0.1484375 0.2270833333333333
0 0.38203125000000004 0.09375000000000001 0.1453125 0.18333333333333335
