0 0.50390625 0.7260416666666667 0.1484375 0.24791666666666667
0 0.6875 0.7145833333333333 0.1499999999999999 0.16249999999999998
0 0.10625000000000001 0.628125 0.178125 0.21041666666666659
0 0.275 0.7583333333333333 0.14999999999999997 0.23750000000000004
0 0.09843750000000001 0.8072916666666666 0.17500000000000002 0.2270833333333333
0 0.33515625 0.3958333333333333 0.1734375 0.22083333333333333
0 0.8765625 0.6104166666666666 0.18437499999999996 0.21250000000000002
0 0.71953125 0.8833333333333333 0.18593749999999998 0.19166666666666665
0 0.4609375 0.3614583333333333 0.16562499999999997 0.2520833333333333
0 0.07734375 0.26875 0.15156250000000002 0.2041666666666667
0 0.0875 0.4604166666666667 0.171875 0.21666666666666662
0 0.26484375 0.20416666666666666 0.18281250000000002 0.2041666666666667
0 0.6929687499999999 0.16666666666666669 0.17343750000000002 0.15416666666666667
0 0.85546875 0.18645833333333334 0.16093749999999996 0.2520833333333333
0 0.45234375000000004 0.9291666666666667 0.16406250000000006 0.14166666666666672
0 0.54453125 0.08958333333333335 0.15156250000000004 0.17500000000000002
0 0.18125000000000002 0.08958333333333335 0.146875 0.17500000000000002
2 0.6609375 0.42708333333333337 0.30937500000000007 0.4083333333333333
1 0.58046875 0.8802083333333333 0.0703125 0.11041666666666672
1 0.96015625 0.3364583333333333 0.07968750000000002 0.13541666666666669
