2 0.61015625 0.134375 0.2515625 0.26458333333333334
0 0.21953125 0.30729166666666663 0.16093749999999998 0.24374999999999997
0 0.49453125 0.359375 0.16093749999999996 0.24375000000000002
0 0.3890625 0.5145833333333333 0.14375 0.29583333333333334
0 0.24453124999999998 0.521875 0.14843749999999997 0.23124999999999996
0 0.68515625 0.359375 0.1484375 0.23124999999999998
0 0.66171875 0.6364583333333333 0.1484375 0.23124999999999996
0 0.57265625 0.86875 0.1640625 0.25
0 0.13046875 0.7677083333333334 0.1828125 0.24791666666666667
0 0.86015625 0.10208333333333335 0.16718749999999993 0.2
0 0.9515625 0.4083333333333333 0.09687500000000004 0.21666666666666673
0 0.9453125 0.66875 0.109375 0.2875
0 0.8453124999999999 0.7833333333333333 0.14687499999999998 0.2124999999999999
0 0.715625 0.8239583333333333 0.18437500000000007 0.25625
0 0.0953125 0.6020833333333333 0.13125 0.22916666666666669
0 0.83671875 0.5302083333333334 0.16093750000000007 0.24375000000000002
