0 0.42734374999999997 0.275 0.18593749999999998 0.21249999999999997
0 0.58984375 0.215625 0.1421874999999999 0.19791666666666666
0 0.6117187500000001 0.42604166666666665 0.14218750000000002 0.19791666666666669
0 0.71953125 0.6010416666666667 0.14218750000000002 0.19791666666666663
0 0.3359375 0.3354166666666667 0.125 0.16666666666666669
0 0.77734375 0.9083333333333333 0.1546875000000001 0.18333333333333335
0 0.49140625000000004 0.9041666666666667 0.17968750000000006 0.19166666666666665
0 0.09921875 0.9041666666666667 0.1796875 0.19166666666666665
0 0.86171875 0.20937499999999998 0.1796875 0.20625
0 0.68984375 0.084375 0.20781249999999996 0.16458333333333333
0 0.92890625 0.8145833333333333 0.14218750000000002 0.2124999999999999
0 0.94609375 0.55625 0.10781249999999998 0.27499999999999997
0 0.15 0.303125 0.178125 0.25625000000000003
0 0.12343749999999999 0.7072916666666667 0.17812499999999998 0.25625
2 0.27656250000000004 0.6229166666666667 0.2 0.2791666666666666
1 0.49374999999999997 0.4458333333333333 0.06874999999999998 0.08333333333333331
1 0.4109375 0.5791666666666666 0.06874999999999998 0.08333333333333337
0 0.80234375 0.5802083333333333 0.1015625 0.17708333333333331
