0 0.6625 0.33958333333333335 0.234375 0.17916666666666664
0 0.609375 0.6552083333333334 0.1468750000000001 0.17708333333333337
0 0.36484375 0.6979166666666666 0.15468750000000003 0.1791666666666667
0 0.47265625 0.5895833333333333 0.15468750000000003 0.1791666666666667
0 0.71328125 0.703125 0.15156250000000004 0.23124999999999996
0 0.29921875 0.4989583333333333 0.1515625 0.21041666666666664
0 0.55390625 0.17916666666666664 0.15468749999999998 0.17916666666666664
0 0.66015625 0.13333333333333336 0.1546875000000001 0.1791666666666667
0 0.7945312499999999 0.21875 0.15781250000000002 0.22916666666666663
0 0.07421875 0.5020833333333333 0.1453125 0.18333333333333335
0 0.055468750000000004 0.10937499999999999 0.1078125 0.21041666666666664
0 0.09218749999999999 0.8833333333333333 0.159375 0.15833333333333333
0 0.9359375 0.4354166666666667 0.12812500000000004 0.17500000000000004
0 0.9359375 0.7520833333333333 0.12812500000000004 0.17500000000000004
0 0.825 0.9322916666666667 0.15312500000000007 0.13541666666666663
0 0.23593750000000002 0.35833333333333334 0.15625000000000003 0.21666666666666667
2 0.325 0.10937500000000001 0.22812500000000002 0.21458333333333335
1 0.09296875 0.4125 0.045312500000000006 0.05416666666666664
