2 0.1125 0.5458333333333333 0.22187500000000002 0.29583333333333334
0 0.27578125 0.6447916666666667 0.1671875 0.2520833333333333
0 0.2953125 0.3458333333333333 0.12499999999999997 0.22083333333333333
0 0.371875 0.3541666666666667 0.125 0.22083333333333335
0 0.35859375 0.21041666666666664 0.10781249999999998 0.17916666666666664
0 0.5265625 0.6739583333333333 0.14374999999999993 0.22291666666666665
0 0.58828125 0.91875 0.1640625 0.16249999999999998
0 0.64296875 0.91875 0.1640625 0.16249999999999998
0 0.66171875 0.603125 0.15156250000000004 0.2104166666666667
0 0.78984375 0.5031249999999999 0.15156249999999993 0.21041666666666664
0 0.5578125 0.4697916666666666 0.18125000000000002 0.2145833333333333
0 0.7921875 0.903125 0.15312500000000007 0.19374999999999998
0 0.059375000000000004 0.778125 0.115625 0.21458333333333335
0 0.053125000000000006 0.2645833333333333 0.10312500000000001 0.2666666666666666
0 0.56640625 0.08541666666666668 0.20468749999999997 0.16666666666666669
0 0.85703125 0.6010416666666667 0.15156250000000004 0.2104166666666667
0 0.83359375 0.690625 0.15156250000000004 0.21041666666666659
0 0.81484375 0.809375 0.15156250000000004 0.21041666666666659
0 0.946875 0.8447916666666666 0.10624999999999996 0.20624999999999993
0 0.91015625 0.16145833333333334 0.1796875 0.29375
0 0.78359375 0.20208333333333334 0.17656249999999996 0.2583333333333333
1 0.575 0.2375 0.06562499999999993 0.09583333333333333
1 0.665625 0.22708333333333336 0.06562500000000004 0.09583333333333335
1 0.503125 0.09583333333333333 0.06562499999999993 0.09583333333333333
0 0.5328125 0.3666666666666667 0.171875 0.22083333333333338
