0 0.7484375000000001 0.5020833333333333 0.17812499999999998 0.20833333333333331
0 0.19140625 0.4197916666666667 0.21718749999999998 0.25208333333333327
0 0.6515625 0.6979166666666666 0.19687500000000002 0.2416666666666667
0 0.446875 0.6 0.19687499999999997 0.24166666666666664
0 0.88203125 0.846875 0.15781250000000002 0.20208333333333328
0 0.4609375 0.09062500000000001 0.15312499999999996 0.17708333333333334
0 0.2328125 0.19166666666666665 0.153125 0.17916666666666667
0 0.2203125 0.69375 0.153125 0.1791666666666667
0 0.67421875 0.8927083333333333 0.1171875 0.16874999999999996
2 0.3859375 0.30833333333333335 0.271875 0.3
