2 0.29609375000000004 0.24999999999999997 0.2859375 0.3583333333333333
0 0.51875 0.36041666666666666 0.17187500000000006 0.25
0 0.6921875 0.29583333333333334 0.171875 0.25
0 0.5640625 0.63125 0.171875 0.25
0 0.37265625 0.6760416666666667 0.1640625 0.2354166666666666
0 0.56171875 0.8791666666666667 0.19843749999999993 0.2416666666666667
0 0.89765625 0.42708333333333337 0.19843749999999993 0.2416666666666667
0 0.184375 0.93125 0.175 0.13749999999999996
0 0.13906249999999998 0.08020833333333334 0.16249999999999998 0.15625
0 0.11406249999999998 0.41562499999999997 0.13749999999999998 0.19791666666666663
0 0.85 0.07812500000000001 0.15625 0.15208333333333335
0 0.946875 0.634375 0.10624999999999996 0.16874999999999996
0 0.909375 0.840625 0.18125000000000002 0.20624999999999993
0 0.096875 0.5770833333333333 0.146875 0.2375
1 0.23671875 0.6583333333333333 0.06093750000000003 0.10000000000000009
0 0.63359375 0.115625 0.1953125 0.22708333333333333
0 0.4015625 0.5958333333333333 0.15000000000000002 0.1708333333333334
0 0.3515625 0.5416666666666666 0.15000000000000002 0.17083333333333334
