0 0.68359375 0.6677083333333333 0.17656249999999996 0.19374999999999998
0 0.77265625 0.44791666666666663 0.18593749999999998 0.2458333333333333
0 0.6265625 0.3125 0.16874999999999996 0.22499999999999998
0 0.521875 0.409375 0.16250000000000003 0.19374999999999998
0 0.6171875 0.09791666666666668 0.1625000000000001 0.19166666666666668
0 0.64140625 0.8947916666666667 0.17343750000000002 0.2104166666666667
0 0.4296875 0.9239583333333333 0.171875 0.15208333333333335
0 0.7875 0.11250000000000002 0.17500000000000004 0.22083333333333335
0 0.92734375 0.8083333333333333 0.14531249999999996 0.22499999999999998
0 0.34296875000000004 0.24375000000000002 0.1453125 0.225
0 0.15703125 0.26458333333333334 0.14531249999999998 0.225
0 0.08828125 0.375 0.1453125 0.22499999999999998
2 0.22109374999999998 0.65625 0.3546875 0.3833333333333333
