0 0.31796875 0.40104166666666663 0.1453125 0.21874999999999994
0 0.0734375 0.5447916666666667 0.14375000000000002 0.21875
0 0.18828125 0.74375 0.1484375 0.2416666666666667
0 0.63515625 0.8333333333333333 0.1484375 0.20000000000000007
0 0.6656249999999999 0.3958333333333333 0.14687499999999998 0.23749999999999993
0 0.5125 0.365625 0.15000000000000002 0.2229166666666667
0 0.6234375 0.5895833333333333 0.15937500000000004 0.22499999999999992
0 0.7296875 0.6 0.15937499999999993 0.22500000000000003
0 0.778125 0.8729166666666667 0.15937499999999993 0.2250000000000001
0 0.571875 0.06770833333333334 0.15625 0.13125
0 0.12421875000000002 0.23333333333333334 0.16718750000000002 0.22499999999999998
0 0.7398437499999999 0.08541666666666668 0.15781250000000002 0.16666666666666669
0 0.8578125 0.06979166666666668 0.15937500000000004 0.13541666666666669
2 0.38046875 0.6916666666666667 0.29218750000000004 0.3916666666666666
