0 0.7421875 0.540625 0.1937500000000001 0.23958333333333331
0 0.44140625 0.8635416666666667 0.17343749999999997 0.17708333333333326
0 0.13984375 0.10625 0.1734375 0.20416666666666666
0 0.27734375 0.59375 0.17343750000000002 0.20416666666666666
0 0.66015625 0.3583333333333333 0.1734374999999999 0.20416666666666666
0 0.08515625 0.4041666666666667 0.16718750000000002 0.22916666666666669
0 0.46953125 0.3583333333333333 0.17343750000000002 0.20416666666666666
0 0.9085937500000001 0.21875 0.17343750000000002 0.2041666666666667
0 0.72890625 0.08229166666666668 0.1484375 0.16041666666666668
0 0.07265624999999999 0.721875 0.1421875 0.19374999999999998
2 0.49609375 0.6197916666666667 0.19843750000000004 0.30208333333333337
1 0.11640625 0.8354166666666667 0.04218750000000002 0.05833333333333335
1 0.140625 0.9416666666666667 0.04062500000000001 0.08333333333333326
