0 0.6000000000000001 0.8583333333333334 0.16249999999999998 0.19583333333333341
0 0.434375 0.9145833333333333 0.15312500000000007 0.17083333333333328
0 0.87578125 0.3572916666666667 0.16093750000000007 0.22291666666666668
0 0.71796875 0.13020833333333334 0.16093750000000007 0.22291666666666668
0 0.54609375 0.29270833333333335 0.17968750000000006 0.22291666666666668
0 0.5835937499999999 0.475 0.14218750000000002 0.22500000000000003
0 0.49296875 0.64375 0.14218750000000002 0.22499999999999998
0 0.55546875 0.6864583333333334 0.10781249999999998 0.16041666666666676
0 0.049218750000000006 0.16875 0.09531250000000001 0.21666666666666667
0 0.13671875 0.328125 0.1796875 0.22291666666666665
0 0.40937500000000004 0.22395833333333331 0.153125 0.21875
0 0.50625 0.08125000000000002 0.15625 0.15833333333333335
0 0.26093750000000004 0.20729166666666665 0.184375 0.20208333333333334
0 0.83671875 0.871875 0.16093750000000007 0.22291666666666665
0 0.05859375000000001 0.8916666666666666 0.11406250000000001 0.19166666666666676
2 0.27968750000000003 0.5322916666666667 0.31875000000000003 0.42291666666666666
1 0.040625 0.703125 0.053125 0.06041666666666656
