0 0.12265625 0.6354166666666667 0.1828125 0.20833333333333337
0 0.26484375 0.790625 0.16718750000000002 0.2104166666666667
0 0.09140625 0.8572916666666667 0.1671875 0.2104166666666667
0 0.41484375 0.6697916666666667 0.17343750000000002 0.27708333333333335
0 0.85859375 0.39479166666666665 0.16718749999999993 0.21041666666666664
0 0.93046875 0.10625000000000001 0.13906249999999998 0.20833333333333334
0 0.85625 0.63125 0.16875000000000007 0.2416666666666667
0 0.92421875 0.8447916666666666 0.15156250000000004 0.25625
0 0.08515625 0.31666666666666665 0.16718750000000002 0.24166666666666667
0 0.290625 0.1 0.17187500000000003 0.19583333333333333
0 0.26796875 0.4770833333333333 0.17031250000000003 0.2458333333333333
0 0.6875 0.8083333333333333 0.16874999999999996 0.29166666666666674
2 0.46484375 0.24791666666666665 0.29218750000000004 0.4458333333333333
1 0.58515625 0.4583333333333333 0.07968750000000002 0.10833333333333328
1 0.58515625 0.765625 0.06093749999999998 0.07291666666666674
1 0.740625 0.9697916666666666 0.0625 0.060416666666666674
