0 0.68046875 0.26979166666666665 0.19843749999999993 0.2729166666666667
0 0.7546875 0.6604166666666667 0.19374999999999998 0.20833333333333326
0 0.2390625 0.4625 0.18125000000000002 0.2
0 0.540625 0.4979166666666667 0.16562499999999997 0.1875
0 0.6125 0.07500000000000001 0.20000000000000007 0.14583333333333334
0 0.2171875 0.22395833333333331 0.159375 0.21041666666666667
0 0.91640625 0.15520833333333334 0.1640625 0.21875
0 0.83203125 0.3354166666666667 0.1546875000000001 0.25416666666666665
0 0.8984375 0.928125 0.14375000000000004 0.14375000000000004
0 0.33984375 0.11041666666666666 0.13906249999999998 0.20833333333333331
1 0.175 0.890625 0.078125 0.08958333333333335
2 0.52265625 0.778125 0.3921875 0.44375
