0 0.35625 0.31145833333333334 0.13124999999999998 0.19791666666666666
0 0.878125 0.34479166666666666 0.13124999999999998 0.19791666666666666
0 0.934375 0.7260416666666667 0.13124999999999998 0.19791666666666663
0 0.31640625 0.525 0.17656249999999998 0.21666666666666662
0 0.47421875 0.47395833333333337 0.15781249999999997 0.2229166666666667
0 0.3671875 0.7208333333333333 0.14375000000000004 0.2250000000000001
0 0.734375 0.6239583333333334 0.1625000000000001 0.22291666666666676
0 0.13671875 0.59375 0.15781250000000002 0.20416666666666666
0 0.21718750000000003 0.09479166666666668 0.19375000000000003 0.18541666666666667
0 0.6195312500000001 0.925 0.18906250000000002 0.15000000000000002
0 0.6226562499999999 0.42604166666666665 0.15781250000000002 0.22291666666666665
0 0.9203125 0.525 0.15937500000000004 0.15833333333333327
0 0.1609375 0.3302083333333333 0.1625 0.24375
0 0.1953125 0.790625 0.15937500000000002 0.2270833333333333
1 0.31328124999999996 0.8760416666666667 0.07343749999999999 0.09375
2 0.6796875 0.16979166666666667 0.34375 0.3354166666666667
