0 0.6265625 0.4947916666666667 0.171875 0.17291666666666672
0 0.46562499999999996 0.640625 0.17187499999999994 0.1729166666666666
0 0.45468749999999997 0.4625 0.16249999999999998 0.2
0 0.44375 0.09270833333333334 0.16250000000000003 0.18125
0 0.24609375 0.11145833333333334 0.16718750000000002 0.21875
0 0.5578125 0.23125 0.18125000000000002 0.21250000000000002
0 0.8687499999999999 0.16145833333333331 0.17812499999999998 0.20625
0 0.0921875 0.6979166666666667 0.1625 0.20000000000000007
0 0.409375 0.8645833333333333 0.16249999999999998 0.20000000000000007
0 0.8515625 0.3041666666666667 0.1625000000000001 0.2
0 0.746875 0.07083333333333335 0.10625000000000007 0.1375
0 0.08515624999999999 0.921875 0.1265625 0.15625
0 0.3 0.6666666666666667 0.134375 0.17083333333333328
0 0.271875 0.8760416666666666 0.11562500000000003 0.16041666666666676
2 0.5875 0.8416666666666667 0.234375 0.2416666666666667
1 0.59296875 0.671875 0.06718750000000007 0.09375
1 0.42265624999999996 0.22812500000000002 0.06718750000000001 0.09375000000000003
