0 0.07421875 0.628125 0.1328125 0.21875
0 0.41640625 0.13125 0.17656249999999996 0.22916666666666666
0 0.32343750000000004 0.7052083333333333 0.153125 0.23124999999999996
0 0.19453125000000002 0.915625 0.1296875 0.16874999999999996
0 0.91328125 0.13437500000000002 0.15781250000000002 0.21458333333333335
0 0.709375 0.26875 0.140625 0.18333333333333332
0 0.47421875 0.5729166666666667 0.1765625 0.20833333333333337
0 0.50703125 0.7145833333333333 0.1765625 0.20833333333333326
0 0.215625 0.4916666666666667 0.16874999999999998 0.23750000000000004
0 0.3265625 0.4458333333333333 0.16875 0.2375
0 0.3171875 0.11666666666666668 0.16562500000000002 0.22916666666666669
0 0.5984375 0.825 0.15625 0.14583333333333337
0 0.07109375 0.325 0.1390625 0.18333333333333335
2 0.7875 0.665625 0.37812500000000004 0.47708333333333336
