0 0.15859375 0.7229166666666667 0.1171875 0.2833333333333333
0 0.2734375 0.353125 0.17812499999999998 0.20625
0 0.07265624999999999 0.4739583333333333 0.1421875 0.20624999999999993
0 0.41328125000000004 0.7375 0.1609375 0.20833333333333337
0 0.4125 0.9072916666666666 0.153125 0.18541666666666667
0 0.78984375 0.6 0.16093750000000007 0.1958333333333333
0 0.56953125 0.46979166666666666 0.1765625 0.19791666666666663
0 0.528125 0.21458333333333335 0.16875000000000007 0.23333333333333334
0 0.815625 0.07187500000000001 0.16249999999999998 0.13958333333333334
0 0.6875 0.190625 0.15312499999999996 0.19791666666666669
0 0.67734375 0.40520833333333334 0.14531249999999996 0.24375000000000002
0 0.9125000000000001 0.6604166666666667 0.13124999999999998 0.19166666666666665
0 0.0890625 0.16979166666666667 0.15 0.22291666666666665
0 0.23750000000000002 0.1 0.153125 0.19583333333333333
0 0.37734375 0.08541666666666668 0.1359375 0.16666666666666669
1 0.0171875 0.621875 0.03125 0.07291666666666663
1 0.6304687499999999 0.5604166666666667 0.06406250000000002 0.0625
2 0.68671875 0.8322916666666667 0.4046875 0.3354166666666667
