0 0.2875 0.5802083333333333 0.159375 0.21875
0 0.51875 0.609375 0.15937499999999993 0.21875
0 0.559375 0.828125 0.159375 0.21875
0 0.38515625 0.7510416666666666 0.1484375 0.20208333333333328
0 0.25234375 0.8635416666666667 0.14843749999999997 0.2020833333333334
0 0.30546875 0.3739583333333333 0.1484375 0.20208333333333334
0 0.41171875 0.19583333333333336 0.17031250000000003 0.2
0 0.46640624999999997 0.4041666666666667 0.17031249999999998 0.2
0 0.87578125 0.34062499999999996 0.17031249999999998 0.23958333333333331
0 0.87890625 0.8572916666666667 0.1703125000000001 0.23958333333333326
0 0.7453125 0.7052083333333333 0.21250000000000002 0.2270833333333333
0 0.15390625000000002 0.28229166666666666 0.1703125 0.23958333333333334
0 0.12109374999999999 0.496875 0.17031249999999998 0.23958333333333337
2 0.66484375 0.13645833333333332 0.34843750000000007 0.26875
