2 0.54609375 0.4677083333333333 0.33593750000000006 0.44791666666666663
0 0.30390625 0.753125 0.17031249999999998 0.22291666666666665
0 0.23515625 0.865625 0.1703125 0.22291666666666665
0 0.0703125 0.784375 0.1375 0.22291666666666665
0 0.22734375 0.5510416666666667 0.20781249999999998 0.21875
0 0.26796875 0.334375 0.2078125 0.21874999999999997
0 0.82734375 0.3260416666666667 0.20781250000000007 0.21875
0 0.9109375 0.29583333333333334 0.17812499999999998 0.19583333333333333
0 0.91328125 0.54375 0.17343750000000002 0.2375
0 0.81171875 0.76875 0.17343750000000002 0.23749999999999993
0 0.61640625 0.7729166666666667 0.1953125 0.23750000000000004
0 0.49609375 0.7895833333333333 0.1953125 0.23750000000000004
0 0.50859375 0.9083333333333333 0.19218750000000007 0.18333333333333335
0 0.10546875000000001 0.3260416666666667 0.17343750000000002 0.2104166666666667
0 0.9195312499999999 0.08958333333333335 0.15781250000000002 0.17500000000000002
1 0.70390625 0.06354166666666666 0.0703125 0.08125
1 0.79921875 0.13645833333333335 0.0703125 0.08125
1 0.11015625000000001 0.4697916666666666 0.07031250000000001 0.08124999999999999
