0 0.7242187499999999 0.4979166666666667 0.20468750000000002 0.1791666666666667
0 0.7445312500000001 0.23020833333333332 0.18906250000000002 0.23958333333333331
0 0.92421875 0.24895833333333334 0.15156250000000004 0.23958333333333334
0 0.5171874999999999 0.19791666666666669 0.16249999999999998 0.21666666666666667
0 0.375 0.8354166666666667 0.16249999999999998 0.19166666666666665
0 0.503125 0.8145833333333333 0.11875000000000002 0.1791666666666667
0 0.60859375 0.7427083333333333 0.15781250000000002 0.2104166666666667
0 0.71796875 0.809375 0.1953125 0.18541666666666667
0 0.77578125 0.7093750000000001 0.1953125 0.18541666666666667
0 0.0734375 0.8666666666666667 0.14375000000000002 0.21666666666666667
0 0.203125 0.2375 0.1875 0.17916666666666667
0 0.38359375 0.07395833333333335 0.18906250000000002 0.14375000000000002
0 0.9484375 0.4864583333333333 0.10312500000000002 0.2270833333333333
2 0.3734375 0.5239583333333333 0.38749999999999996 0.48958333333333337
1 0.07421875 0.64375 0.07343749999999999 0.07500000000000007
