0 0.590625 0.253125 0.171875 0.21458333333333332
0 0.7914062500000001 0.3520833333333333 0.20468750000000002 0.20833333333333331
0 0.2734375 0.446875 0.17500000000000002 0.2104166666666667
0 0.0703125 0.65 0.1375 0.2041666666666666
0 0.7921875 0.7239583333333334 0.17499999999999993 0.2104166666666667
0 0.56875 0.7864583333333334 0.175 0.2104166666666667
0 0.1796875 0.759375 0.15625 0.20625000000000004
0 0.84375 0.10416666666666667 0.15625 0.20416666666666666
0 0.521875 0.4385416666666666 0.15625 0.20625
2 0.30390625000000004 0.18125 0.3171875 0.35833333333333334
