2 0.3078125 0.6927083333333333 0.28125 0.3770833333333333
0 0.41093749999999996 0.328125 0.175 0.21458333333333335
0 0.34687500000000004 0.378125 0.175 0.21458333333333335
0 0.70625 0.46354166666666663 0.14687499999999998 0.2145833333333333
0 0.8484375 0.328125 0.17499999999999993 0.21458333333333335
0 0.92578125 0.7739583333333333 0.1484375 0.23541666666666672
0 0.48046875 0.8854166666666667 0.1484375 0.22916666666666663
0 0.06953125 0.6520833333333333 0.13593750000000002 0.1958333333333333
0 0.078125 0.3958333333333333 0.153125 0.21666666666666667
0 0.171875 0.2895833333333333 0.15625 0.21666666666666665
0 0.5703125 0.16249999999999998 0.19999999999999996 0.2375
0 0.69609375 0.2375 0.15156249999999993 0.22499999999999998
0 0.9234374999999999 0.6166666666666667 0.15000000000000002 0.22499999999999998
0 0.659375 0.45625 0.09687499999999993 0.21250000000000002
0 0.73359375 0.084375 0.15156249999999993 0.16458333333333333
0 0.82578125 0.084375 0.15156250000000004 0.16458333333333333
1 0.28125 0.22604166666666667 0.05625000000000002 0.07291666666666669
0 0.8046875 0.6572916666666666 0.1468750000000001 0.21458333333333324
0 0.24765625 0.09062500000000001 0.1609375 0.17708333333333334
0 0.21484375 0.9020833333333333 0.2109375 0.18333333333333335
