0 0.6773437499999999 0.6791666666666667 0.17343750000000002 0.19999999999999996
0 0.803125 0.25416666666666665 0.20625000000000004 0.22916666666666669
0 0.56015625 0.175 0.15781249999999997 0.25416666666666665
0 0.09921875 0.5802083333333333 0.1671875 0.24374999999999997
0 0.1921875 0.5302083333333333 0.18125000000000002 0.26875
0 0.3515625 0.26145833333333335 0.16874999999999996 0.24791666666666667
0 0.30859375 0.803125 0.19218749999999998 0.2354166666666666
0 0.45234375 0.7666666666666666 0.18906250000000002 0.19166666666666676
0 0.14453125 0.8802083333333334 0.2109375 0.2270833333333333
0 0.67109375 0.8947916666666667 0.18593749999999998 0.19791666666666674
0 0.90859375 0.10520833333333333 0.17656249999999996 0.17708333333333334
0 0.12578125 0.18229166666666669 0.1890625 0.24791666666666667
0 0.8734375 0.64375 0.15312499999999996 0.20833333333333337
0 0.9421875 0.434375 0.11562499999999998 0.23541666666666672
0 0.78515625 0.45937500000000003 0.24531250000000004 0.23958333333333337
2 0.49375 0.484375 0.40937500000000004 0.4395833333333334
1 0.53125 0.8760416666666667 0.0625 0.09375
1 0.2421875 0.215625 0.08750000000000002 0.10208333333333333
