0 0.2921875 0.8416666666666667 0.17500000000000002 0.19166666666666665
0 0.5289062499999999 0.24479166666666669 0.18593749999999998 0.22291666666666668
0 0.82890625 0.11770833333333333 0.18593749999999998 0.22291666666666665
0 0.925 0.29062499999999997 0.15000000000000002 0.21458333333333332
0 0.81953125 0.4385416666666667 0.18593749999999998 0.2229166666666667
0 0.16875 0.7760416666666666 0.12187499999999998 0.2729166666666667
0 0.7445312500000001 0.8885416666666667 0.18593749999999998 0.22291666666666665
0 0.71171875 0.6635416666666667 0.18593749999999998 0.22291666666666665
0 0.61328125 0.07916666666666668 0.1796875 0.15416666666666667
0 0.15546875 0.17604166666666665 0.1859375 0.22291666666666665
2 0.36171875 0.5291666666666667 0.3390625 0.43333333333333335
