0 0.20546875 0.725 0.13906250000000003 0.19999999999999996
0 0.55859375 0.4822916666666667 0.18281250000000004 0.21458333333333335
0 0.93203125 0.5739583333333333 0.13593750000000004 0.19374999999999992
0 0.8765624999999999 0.40312499999999996 0.16249999999999998 0.2145833333333333
0 0.8625 0.10625000000000001 0.16562500000000002 0.20833333333333334
0 0.7906249999999999 0.234375 0.16562500000000002 0.21041666666666667
0 0.9171875 0.22604166666666664 0.16562500000000002 0.21041666666666664
0 0.72890625 0.6052083333333333 0.18281250000000004 0.21458333333333335
0 0.5835937499999999 0.8854166666666666 0.13906249999999998 0.1958333333333333
0 0.83984375 0.9145833333333333 0.14531249999999996 0.17083333333333328
0 0.70703125 0.9145833333333333 0.14531249999999996 0.17083333333333328
0 0.08203125 0.9145833333333333 0.1453125 0.17083333333333328
0 0.30234375 0.15833333333333333 0.1296875 0.22083333333333333
2 0.10625 0.17083333333333336 0.19375 0.30000000000000004
1 0.55390625 0.11458333333333334 0.07343749999999993 0.08333333333333333
