2 0.32265625 0.46979166666666666 0.3046875 0.44375
0 0.6382812499999999 0.5 0.13906249999999998 0.16250000000000003
0 0.71953125 0.42916666666666664 0.13906249999999998 0.16249999999999998
0 0.7867187499999999 0.3125 0.13906249999999998 0.16249999999999998
0 0.7914062500000001 0.3979166666666667 0.13906249999999998 0.20416666666666666
0 0.84453125 0.4197916666666667 0.11093750000000002 0.16041666666666665
0 0.82734375 0.590625 0.16718749999999993 0.20208333333333334
0 0.10234374999999998 0.734375 0.16093749999999998 0.2354166666666666
0 0.41640625 0.125 0.1453125 0.21666666666666667
0 0.60703125 0.20833333333333331 0.14531249999999996 0.21666666666666665
0 0.58671875 0.26458333333333334 0.1828125 0.22083333333333333
0 0.4765625 0.2604166666666667 0.14687500000000003 0.19166666666666668
0 0.7046874999999999 0.7135416666666666 0.14687499999999998 0.21458333333333335
0 0.384375 0.809375 0.14687500000000003 0.21458333333333335
0 0.23125 0.884375 0.19687500000000002 0.21875
0 0.246875 0.12291666666666667 0.16874999999999998 0.24166666666666667
1 0.16171875 0.36354166666666665 0.05781249999999999 0.08958333333333335
0 0.48124999999999996 0.9364583333333334 0.14375 0.12708333333333333
0 0.07421875 0.2677083333333333 0.1453125 0.21458333333333332
