0 0.22265625 0.11666666666666667 0.16093749999999998 0.22083333333333333
0 0.21875 0.42604166666666665 0.15000000000000002 0.2270833333333333
0 0.8203125 0.21250000000000002 0.17500000000000004 0.2
0 0.6765625 0.7583333333333333 0.17499999999999993 0.19999999999999996
0 0.22109375 0.85625 0.1359375 0.18333333333333335
0 0.09296875000000002 0.16249999999999998 0.13593750000000002 0.18333333333333332
0 0.51953125 0.7395833333333334 0.13593750000000004 0.18333333333333335
0 0.89765625 0.921875 0.1640625 0.1479166666666667
2 0.790625 0.5447916666666667 0.22187500000000004 0.28125
1 0.75859375 0.32291666666666663 0.06718750000000007 0.07916666666666666
