0 0.409375 0.8364583333333333 0.15000000000000002 0.21458333333333335
0 0.75234375 0.7041666666666666 0.1328125 0.18333333333333324
0 0.25546875 0.5645833333333333 0.18906249999999997 0.21249999999999997
0 0.5171875 0.5385416666666667 0.18124999999999997 0.18541666666666662
0 0.90234375 0.6781250000000001 0.1640625 0.17708333333333337
0 0.87734375 0.9114583333333333 0.1796875 0.17708333333333337
0 0.23203125 0.9302083333333333 0.17343749999999997 0.13958333333333328
0 0.10312500000000001 0.8260416666666667 0.184375 0.1812499999999999
0 0.65859375 0.35104166666666664 0.15156250000000004 0.21874999999999997
0 0.79296875 0.365625 0.13593750000000004 0.2229166666666667
0 0.51796875 0.2864583333333333 0.1359375 0.22291666666666665
0 0.609375 0.6656249999999999 0.171875 0.19374999999999998
0 0.94453125 0.5010416666666666 0.11093750000000002 0.18958333333333333
0 0.70546875 0.9052083333333334 0.17656249999999996 0.18958333333333333
2 0.278125 0.24166666666666667 0.3625 0.45416666666666666
