0 0.45390625 0.6479166666666667 0.16093750000000007 0.19166666666666665
0 0.34296875000000004 0.09687500000000002 0.1609375 0.18958333333333335
0 0.6671875 0.3260416666666667 0.16249999999999998 0.22708333333333333
0 0.87421875 0.3645833333333333 0.19218750000000007 0.25416666666666665
0 0.39531249999999996 0.296875 0.175 0.21041666666666667
0 0.08984374999999999 0.26145833333333335 0.17031249999999998 0.20625
0 0.6351562500000001 0.55625 0.15781250000000002 0.23750000000000004
0 0.2109375 0.46875 0.17812499999999998 0.2583333333333333
0 0.82109375 0.7833333333333333 0.1796875 0.24583333333333335
0 0.24609375 0.9041666666666667 0.16093749999999998 0.19166666666666665
1 0.2703125 0.721875 0.084375 0.08958333333333335
1 0.37265625 0.559375 0.06718750000000001 0.08958333333333335
1 0.56640625 0.6729166666666666 0.0703125 0.09583333333333333
2 0.59296875 0.8677083333333333 0.24843749999999998 0.2645833333333333
