0 0.8960937499999999 0.4520833333333333 0.13906249999999998 0.17916666666666664
0 0.621875 0.7260416666666667 0.15937499999999993 0.24375000000000002
0 0.08125 0.8166666666666667 0.15 0.1875
0 0.70234375 0.9281250000000001 0.20781250000000007 0.13541666666666663
0 0.4890625 0.9072916666666666 0.18437500000000007 0.18541666666666667
0 0.46796875 0.7270833333333333 0.16718749999999993 0.21666666666666667
0 0.6484375 0.10937500000000001 0.2124999999999999 0.21458333333333335
0 0.87578125 0.8510416666666667 0.17343750000000002 0.19374999999999998
0 0.1328125 0.16770833333333332 0.1375 0.28541666666666665
0 0.59296875 0.34375 0.1921875 0.19999999999999998
0 0.13828125 0.5885416666666666 0.1828125 0.19375000000000003
0 0.215625 0.7645833333333334 0.16874999999999998 0.19166666666666676
1 0.08515624999999999 0.42604166666666665 0.0828125 0.08958333333333335
2 0.3203125 0.4864583333333333 0.40937500000000004 0.5229166666666667
