0 0.3140625 0.42708333333333337 0.13437499999999997 0.20416666666666666
0 0.2203125 0.42708333333333337 0.13437499999999997 0.20416666666666666
0 0.30390625 0.8302083333333333 0.15156250000000002 0.2020833333333334
0 0.58203125 0.8989583333333333 0.15156250000000004 0.20208333333333328
0 0.46640625 0.5854166666666667 0.1296875 0.23750000000000004
0 0.87890625 0.6708333333333334 0.1546875000000001 0.23333333333333328
0 0.9515625 0.29375 0.09687500000000004 0.22916666666666666
2 0.6703125 0.5895833333333333 0.346875 0.39999999999999997
0 0.29609375 0.24270833333333333 0.1640625 0.19791666666666669
0 0.45390624999999996 0.21145833333333336 0.16406249999999994 0.19791666666666669
0 0.5562499999999999 0.14583333333333331 0.17812499999999998 0.19999999999999998
