0 0.71171875 0.6385416666666667 0.17343750000000002 0.1812499999999999
0 0.7007812499999999 0.8114583333333334 0.17343750000000002 0.18125000000000002
0 0.603125 0.20625 0.16874999999999996 0.22499999999999998
0 0.31562500000000004 0.1479166666666667 0.16875 0.22500000000000003
0 0.15625 0.8447916666666666 0.14375 0.18541666666666667
0 0.1328125 0.5375 0.13124999999999998 0.22083333333333338
0 0.59609375 0.43645833333333334 0.17656249999999996 0.23541666666666672
0 0.81953125 0.44270833333333337 0.17656250000000007 0.23541666666666666
0 0.234375 0.6947916666666667 0.14375000000000002 0.18541666666666667
2 0.45234375000000004 0.7864583333333333 0.36718750000000006 0.42708333333333337
1 0.36328125 0.55 0.10781249999999998 0.1208333333333334
1 0.525 0.03854166666666666 0.06562500000000004 0.07291666666666666
