0 0.45078124999999997 0.7604166666666666 0.17031249999999998 0.2416666666666667
0 0.75390625 0.6020833333333333 0.2109375 0.2916666666666667
0 0.19296875000000002 0.3833333333333333 0.1703125 0.24166666666666664
0 0.53515625 0.10208333333333335 0.17031250000000003 0.2
0 0.946875 0.7958333333333334 0.10624999999999996 0.21666666666666667
0 0.24609375 0.89375 0.17656249999999998 0.21250000000000002
0 0.1671875 0.12083333333333333 0.153125 0.20833333333333334
2 0.5640625 0.41354166666666664 0.34375 0.44791666666666663
1 0.24921875 0.14583333333333331 0.0546875 0.07083333333333333
1 0.89765625 0.54375 0.07968750000000002 0.09999999999999998
