0 0.909375 0.6916666666666667 0.18125000000000002 0.22083333333333333
0 0.74140625 0.6312500000000001 0.17343750000000002 0.21250000000000002
0 0.9234375 0.39166666666666666 0.15312499999999996 0.22499999999999998
0 0.04453125 0.528125 0.0859375 0.2145833333333333
0 0.42109375 0.4270833333333333 0.17343750000000002 0.23749999999999993
0 0.56171875 0.2520833333333333 0.2078125 0.24583333333333332
0 0.78203125 0.9104166666666667 0.1640625 0.1791666666666667
0 0.75 0.26875 0.15937500000000004 0.22499999999999998
0 0.2515625 0.575 0.178125 0.22916666666666669
2 0.4875 0.7791666666666667 0.44375 0.44166666666666665
