0 0.7265625 0.4927083333333333 0.1875 0.18958333333333338
0 0.534375 0.6552083333333334 0.18750000000000006 0.18958333333333333
0 0.275 0.8572916666666666 0.18750000000000003 0.18958333333333333
0 0.1359375 0.6802083333333333 0.1875 0.18958333333333333
0 0.1671875 0.29270833333333335 0.1875 0.18958333333333335
0 0.325 0.1645833333333333 0.15000000000000002 0.17916666666666664
0 0.7265625 0.19791666666666669 0.17500000000000004 0.19166666666666668
0 0.44375 0.7625 0.175 0.22499999999999998
0 0.2578125 0.48333333333333334 0.17500000000000002 0.22499999999999998
0 0.53515625 0.22395833333333331 0.15468750000000003 0.21875
0 0.1515625 0.08645833333333335 0.15 0.16875
0 0.88359375 0.9333333333333333 0.16718749999999993 0.1333333333333333
2 0.41953124999999997 0.490625 0.18593749999999998 0.2604166666666667
