0 0.67578125 0.39791666666666664 0.16718750000000004 0.22916666666666663
0 0.82421875 0.46458333333333335 0.16718750000000004 0.22916666666666674
0 0.68984375 0.7395833333333333 0.16718750000000004 0.22916666666666663
0 0.49921875 0.8041666666666667 0.16718749999999993 0.22916666666666663
0 0.39765625000000004 0.8666666666666667 0.1671875 0.22916666666666663
0 0.125 0.7302083333333333 0.190625 0.22291666666666665
0 0.6671875 0.15104166666666669 0.21250000000000002 0.21458333333333335
0 0.07265624999999999 0.22604166666666664 0.1421875 0.21041666666666664
0 0.4484375 0.17604166666666665 0.21250000000000002 0.21458333333333332
0 0.29140625 0.7 0.1671875 0.22916666666666663
0 0.87265625 0.7979166666666666 0.16718750000000004 0.22916666666666663
0 0.84453125 0.11041666666666668 0.16718749999999993 0.21666666666666667
0 0.11640625000000002 0.9229166666666666 0.19843750000000002 0.15416666666666667
2 0.41484375 0.4614583333333333 0.28593750000000007 0.38125000000000003
