2 0.48046875 0.5875 0.22343749999999996 0.2958333333333334
0 0.325 0.38958333333333334 0.15625 0.1958333333333333
0 0.21484375 0.8010416666666667 0.18593749999999998 0.2104166666666667
0 0.057031250000000006 0.39479166666666665 0.11093750000000001 0.21875
0 0.14453125 0.2895833333333333 0.18593749999999998 0.20833333333333331
0 0.17578125 0.13541666666666669 0.18593749999999998 0.20833333333333334
0 0.5796875 0.09791666666666668 0.109375 0.19166666666666668
0 0.56171875 0.26145833333333335 0.19531250000000006 0.19791666666666666
0 0.45 0.27812499999999996 0.20000000000000007 0.23958333333333331
0 0.42890625 0.8958333333333333 0.18593749999999998 0.20833333333333337
0 0.6273437500000001 0.725 0.14218750000000002 0.1875
0 0.6851562499999999 0.5416666666666666 0.14218750000000002 0.18749999999999994
0 0.77578125 0.9229166666666666 0.15156250000000004 0.15416666666666667
0 0.76953125 0.10729166666666667 0.19218749999999996 0.21041666666666667
1 0.59921875 0.8510416666666667 0.06718749999999996 0.08125000000000004
1 0.39765625000000004 0.7489583333333334 0.06718750000000001 0.08124999999999993
0 0.915625 0.7166666666666667 0.13749999999999996 0.22916666666666674
0 0.95234375 0.38229166666666664 0.09531250000000002 0.21875
0 0.89296875 0.25625 0.14531249999999996 0.2208333333333333
