0 0.70625 0.6166666666666667 0.16249999999999998 0.20416666666666672
0 0.70625 0.7395833333333333 0.16249999999999998 0.20416666666666672
0 0.91875 0.49583333333333335 0.16249999999999998 0.20416666666666666
0 0.60078125 0.09166666666666667 0.1640625 0.17916666666666667
0 0.18203125 0.19375 0.1609375 0.23333333333333334
0 0.7875000000000001 0.10729166666666666 0.16249999999999998 0.18125
0 0.7718750000000001 0.4145833333333333 0.16249999999999998 0.22500000000000003
0 0.475 0.4479166666666667 0.16250000000000003 0.20416666666666672
0 0.0625 0.3458333333333333 0.12187500000000001 0.20833333333333334
0 0.5492187500000001 0.8677083333333333 0.15781250000000002 0.2104166666666667
0 0.5914062499999999 0.296875 0.15781250000000002 0.21041666666666667
2 0.27265625 0.7916666666666667 0.2578125 0.2875
1 0.2984375 0.25 0.05624999999999997 0.07499999999999998
1 0.9664062499999999 0.8739583333333334 0.06406250000000002 0.08541666666666659
