0 0.18593749999999998 0.640625 0.17187499999999997 0.1812499999999999
0 0.6898437500000001 0.31666666666666665 0.17031249999999998 0.24999999999999997
0 0.9007812500000001 0.5583333333333333 0.17031249999999998 0.25
0 0.07265624999999999 0.2125 0.1421875 0.25
0 0.21015625 0.26041666666666663 0.18281250000000002 0.24166666666666664
0 0.18046875 0.4083333333333333 0.1828125 0.2416666666666667
0 0.08203125 0.8333333333333333 0.1609375 0.22499999999999998
0 0.56875 0.09166666666666667 0.171875 0.17916666666666667
1 0.06953124999999999 0.51875 0.0796875 0.09583333333333333
1 0.3234375 0.48541666666666666 0.078125 0.08333333333333337
1 0.08124999999999999 0.030208333333333334 0.06562499999999999 0.05625
2 0.590625 0.7260416666666667 0.478125 0.5479166666666666
