0 0.12109375 0.30833333333333335 0.1671875 0.225
0 0.72421875 0.634375 0.19218749999999996 0.22291666666666665
0 0.73828125 0.8885416666666667 0.19218749999999996 0.22291666666666665
0 0.91796875 0.11145833333333334 0.1546875000000001 0.21875
0 0.60625 0.4197916666666667 0.14374999999999993 0.19791666666666669
0 0.78984375 0.2552083333333333 0.16718749999999993 0.20625000000000002
0 0.23828125 0.578125 0.16718750000000002 0.20625000000000004
0 0.15 0.6072916666666667 0.1875 0.21875
0 0.325 0.24062499999999998 0.1625 0.21874999999999997
0 0.675 0.4322916666666667 0.13750000000000007 0.17708333333333337
2 0.2890625 0.8885416666666667 0.26249999999999996 0.22291666666666665
2 0.45625 0.7 0.35 0.5041666666666667
