0 0.265625 0.5677083333333333 0.1875 0.24791666666666667
0 0.4484375 0.5854166666666667 0.17812499999999998 0.22499999999999998
0 0.3640625 0.10625000000000001 0.15000000000000002 0.20833333333333334
0 0.18359375 0.31979166666666664 0.1953125 0.24375
0 0.13203125000000002 0.42291666666666666 0.15156250000000002 0.22083333333333333
0 0.11171875 0.8208333333333333 0.1609375 0.25
0 0.63046875 0.575 0.16093749999999996 0.20000000000000007
0 0.80546875 0.5072916666666667 0.18281249999999993 0.23541666666666666
0 0.65546875 0.8052083333333333 0.18281249999999993 0.23541666666666672
0 0.29140625 0.8572916666666667 0.1828125 0.2354166666666666
0 0.9421875 0.6875 0.11562499999999998 0.2333333333333334
0 0.7890625 0.6302083333333333 0.1875 0.20624999999999993
0 0.5757812499999999 0.775 0.18593749999999998 0.1875
0 0.74140625 0.09479166666666668 0.18593749999999998 0.18541666666666667
2 0.56640625 0.290625 0.32656250000000003 0.4395833333333333
