2 0.23359375 0.5145833333333334 0.23281249999999998 0.2833333333333333
1 0.73046875 0.625 0.0859375 0.0708333333333333
0 0.46796875 0.296875 0.18281249999999993 0.2354166666666667
0 0.39453125 0.19791666666666669 0.12656250000000002 0.19583333333333333
0 0.6460937499999999 0.38645833333333335 0.15468749999999998 0.17708333333333331
0 0.75703125 0.3802083333333333 0.18906250000000002 0.18958333333333333
0 0.44921875 0.5135416666666667 0.18906249999999997 0.22291666666666665
0 0.41796875 0.6635416666666667 0.18906249999999997 0.22291666666666665
0 0.31171875 0.778125 0.1890625 0.22291666666666665
0 0.49453125000000003 0.871875 0.18906250000000002 0.22291666666666665
0 0.70390625 0.853125 0.18906250000000002 0.22291666666666665
0 0.8828125 0.31875 0.18437499999999996 0.17916666666666667
0 0.90234375 0.21354166666666669 0.1890624999999999 0.18958333333333335
0 0.73984375 0.11979166666666667 0.1640625 0.20625000000000002
0 0.2109375 0.175 0.203125 0.25416666666666665
0 0.115625 0.26666666666666666 0.171875 0.24166666666666667
0 0.06874999999999999 0.39479166666666665 0.134375 0.25625000000000003
0 0.0625 0.5333333333333333 0.12187500000000001 0.2583333333333333
0 0.059375000000000004 0.65625 0.115625 0.2124999999999999
0 0.059375000000000004 0.7520833333333333 0.115625 0.2124999999999999
0 0.10078124999999999 0.8479166666666667 0.1265625 0.21666666666666667
0 0.08906250000000002 0.940625 0.14375000000000002 0.11875000000000002
0 0.39609375 0.05416666666666666 0.1453125 0.10416666666666666
0 0.5 0.07812500000000001 0.140625 0.15208333333333335
