0 0.4265625 0.6854166666666667 0.17812499999999998 0.20833333333333326
0 0.27109375 0.8541666666666667 0.1765625 0.27083333333333337
0 0.7953125000000001 0.7583333333333333 0.17812499999999998 0.20833333333333337
0 0.690625 0.7645833333333334 0.17812499999999998 0.20833333333333337
0 0.86953125 0.5697916666666667 0.16093749999999996 0.21458333333333335
0 0.840625 0.46875 0.15625 0.19166666666666665
0 0.8234375 0.21458333333333335 0.15625 0.19166666666666668
0 0.74375 0.2416666666666667 0.15625 0.19166666666666668
0 0.6703125000000001 0.459375 0.16562500000000002 0.2145833333333333
0 0.07578125 0.4760416666666667 0.1484375 0.20625000000000004
0 0.07578125 0.10312500000000001 0.1484375 0.20208333333333334
0 0.5218750000000001 0.5135416666666667 0.15000000000000002 0.20625000000000004
2 0.37812500000000004 0.20520833333333333 0.371875 0.40625
