2 0.3140625 0.37916666666666665 0.29375 0.3541666666666667
0 0.13046875 0.45625000000000004 0.1328125 0.2541666666666667
0 0.72109375 0.7760416666666667 0.16093749999999996 0.23958333333333337
0 0.89921875 0.8114583333333334 0.16093750000000007 0.23958333333333337
0 0.80078125 0.8447916666666666 0.16093749999999996 0.23958333333333337
0 0.4453125 0.9145833333333333 0.18124999999999997 0.17083333333333328
0 0.2984375 0.9145833333333333 0.18124999999999997 0.17083333333333328
0 0.2859375 0.8479166666666667 0.18125000000000002 0.1708333333333334
0 0.66328125 0.409375 0.16093750000000007 0.19374999999999998
0 0.84921875 0.5052083333333333 0.16093749999999996 0.19374999999999998
0 0.56640625 0.5375 0.20468749999999997 0.2375
0 0.89609375 0.19791666666666669 0.12968749999999996 0.19583333333333333
0 0.04453125 0.3927083333333333 0.0859375 0.27708333333333335
0 0.25390625 0.09791666666666668 0.23281249999999998 0.19166666666666668
0 0.428125 0.6114583333333333 0.13437499999999997 0.17708333333333326
0 0.3390625 0.6875 0.16562500000000002 0.19166666666666665
0 0.58046875 0.37395833333333334 0.16093749999999996 0.19374999999999998
