0 0.871875 0.253125 0.15937499999999993 0.24375
0 0.7453125 0.8989583333333333 0.15937499999999993 0.20208333333333328
0 0.371875 0.2375 0.16249999999999998 0.25
0 0.2625 0.10937500000000001 0.1875 0.21458333333333335
0 0.08984375 0.10104166666666668 0.1765625 0.19791666666666669
0 0.5796874999999999 0.11041666666666668 0.17812499999999998 0.2
0 0.1765625 0.6458333333333333 0.1625 0.20416666666666672
0 0.2265625 0.909375 0.14687499999999998 0.18125000000000002
1 0.8578125 0.7864583333333334 0.078125 0.0854166666666667
1 0.35234374999999996 0.684375 0.05156250000000001 0.07708333333333328
2 0.553125 0.4041666666666667 0.35000000000000003 0.4458333333333333
0 0.53359375 0.8989583333333333 0.17031250000000003 0.20208333333333328
0 0.88828125 0.915625 0.16093749999999996 0.14375000000000004
