0 0.10546875 0.51875 0.1609375 0.22499999999999998
0 0.2171875 0.7416666666666667 0.2 0.23333333333333328
0 0.8921875 0.334375 0.171875 0.21874999999999997
0 0.6578124999999999 0.34375 0.15000000000000002 0.25
0 0.36484375 0.540625 0.1953125 0.22708333333333336
0 0.6734374999999999 0.7708333333333334 0.15000000000000002 0.25
0 0.5132812499999999 0.7854166666666667 0.15468749999999998 0.27083333333333326
0 0.78046875 0.09583333333333334 0.1640625 0.1875
0 0.38125 0.928125 0.1375 0.14375000000000004
0 0.63203125 0.08854166666666667 0.15468749999999998 0.17291666666666666
0 0.10234375 0.06875 0.1796875 0.13333333333333333
0 0.953125 0.5864583333333333 0.09375 0.20625
0 0.065625 0.8989583333333333 0.12812500000000002 0.20208333333333328
