2 0.31015625 0.43333333333333335 0.2234375 0.2708333333333333
2 0.565625 0.8791666666666667 0.23437500000000006 0.2416666666666667
0 0.3203125 0.8989583333333333 0.16249999999999998 0.20208333333333328
0 0.15468749999999998 0.846875 0.16249999999999998 0.20208333333333328
0 0.2109375 0.7697916666666667 0.16249999999999998 0.2020833333333334
0 0.6000000000000001 0.4197916666666667 0.16249999999999998 0.2020833333333334
0 0.71015625 0.5802083333333333 0.18593749999999998 0.2104166666666667
0 0.89921875 0.9125 0.17343750000000002 0.17500000000000004
0 0.934375 0.753125 0.13124999999999998 0.17708333333333337
0 0.9 0.6208333333333333 0.16874999999999996 0.18333333333333335
0 0.884375 0.48750000000000004 0.16874999999999996 0.1833333333333334
0 0.9171875 0.24895833333333334 0.16562500000000002 0.25625
0 0.8171875 0.07500000000000001 0.21875 0.14583333333333334
1 0.42109375000000004 0.840625 0.08906249999999999 0.09375
1 0.2015625 0.5583333333333333 0.05937500000000001 0.08750000000000002
1 0.565625 0.26875 0.05937500000000007 0.0875
1 0.66875 0.2270833333333333 0.05937500000000007 0.0875
0 0.5515625 0.540625 0.16249999999999998 0.2020833333333334
0 0.4734375 0.6510416666666667 0.16249999999999998 0.20208333333333328
0 0.13124999999999998 0.10312500000000001 0.17812499999999998 0.20208333333333334
0 0.071875 0.234375 0.140625 0.19791666666666666
0 0.16015625 0.22812500000000002 0.14218750000000002 0.19791666666666666
0 0.07421875 0.6416666666666666 0.1453125 0.2583333333333334
0 0.703125 0.48125 0.1343749999999999 0.15833333333333333
