0 0.115625 0.12083333333333332 0.171875 0.2333333333333333
0 0.078125 0.48854166666666665 0.153125 0.24375000000000008
0 0.3671875 0.21666666666666667 0.15000000000000002 0.19999999999999998
0 0.559375 0.47604166666666664 0.18749999999999994 0.19374999999999998
0 0.7125 0.6156250000000001 0.1875 0.19374999999999998
0 0.90625 0.115625 0.1875 0.19375
0 0.1390625 0.7322916666666667 0.1875 0.1937500000000001
0 0.90625 0.3416666666666667 0.1875 0.23749999999999996
0 0.2390625 0.44999999999999996 0.13437500000000002 0.1833333333333333
2 0.49453125000000003 0.7572916666666667 0.3296875 0.48124999999999996
