0 0.459375 0.40208333333333335 0.19999999999999996 0.20833333333333331
0 0.45703125 0.08854166666666667 0.17343749999999997 0.17291666666666666
0 0.29609375 0.25 0.1734375 0.17500000000000002
0 0.19765625 0.196875 0.1453125 0.17291666666666666
0 0.8484375 0.08333333333333334 0.15000000000000002 0.1625
0 0.23828125 0.5104166666666666 0.14531249999999998 0.175
0 0.71015625 0.8854166666666667 0.14531250000000007 0.17499999999999993
0 0.79296875 0.8666666666666667 0.14531249999999996 0.17500000000000004
0 0.43515625 0.8729166666666667 0.1453125 0.17500000000000004
0 0.8140625 0.28020833333333334 0.15625 0.22708333333333333
0 0.671875 0.07604166666666667 0.1625000000000001 0.14791666666666667
0 0.1078125 0.428125 0.15625 0.21041666666666664
2 0.4703125 0.678125 0.19062500000000004 0.2645833333333334
1 0.6578125 0.19270833333333331 0.059374999999999956 0.08541666666666667
1 0.4390625 0.19687500000000002 0.05937500000000001 0.08541666666666667
