0 0.471875 0.46041666666666664 0.15937499999999993 0.22499999999999998
0 0.61875 0.5729166666666666 0.15937500000000004 0.22500000000000003
0 0.471875 0.6375 0.15937499999999993 0.22499999999999998
0 0.3109375 0.4458333333333333 0.159375 0.22500000000000003
0 0.7757812500000001 0.878125 0.18593749999999998 0.24375000000000002
0 0.8765624999999999 0.6104166666666666 0.16249999999999998 0.21250000000000002
0 0.925 0.08333333333333334 0.15000000000000002 0.1625
0 0.125 0.46041666666666664 0.159375 0.22499999999999998
0 0.7828125 0.6197916666666666 0.13749999999999996 0.21458333333333335
0 0.05859375000000001 0.13749999999999998 0.11406250000000001 0.2708333333333333
2 0.38359375 0.12499999999999999 0.24843749999999998 0.22499999999999998
