2 0.21718749999999998 0.5833333333333333 0.3625 0.5958333333333333
0 0.79375 0.778125 0.20937499999999998 0.20624999999999993
0 0.65625 0.49062500000000003 0.1499999999999999 0.18125000000000002
0 0.5515625 0.534375 0.15000000000000002 0.18125000000000002
0 0.4296875 0.7572916666666667 0.15312499999999996 0.3145833333333333
0 0.56328125 0.7625 0.14843749999999994 0.20000000000000007
0 0.51484375 0.9 0.14843750000000006 0.19999999999999996
0 0.7914062500000001 0.315625 0.18906250000000002 0.2270833333333333
0 0.78203125 0.10104166666666668 0.18906250000000002 0.19791666666666669
0 0.42578125 0.3177083333333333 0.18281250000000004 0.1895833333333333
0 0.57265625 0.30833333333333335 0.2140625 0.26249999999999996
0 0.10937500000000001 0.284375 0.19687500000000002 0.2520833333333333
0 0.090625 0.09895833333333334 0.178125 0.19375
0 0.53125 0.06875 0.16874999999999996 0.13333333333333333
0 0.34609375 0.14583333333333331 0.21093749999999997 0.2375
1 0.73828125 0.9 0.06406249999999991 0.0708333333333333
0 0.8234375 0.4135416666666667 0.15000000000000002 0.18124999999999997
0 0.2859375 0.909375 0.15000000000000002 0.18125000000000002
