0 0.4046875 0.6979166666666666 0.159375 0.1875
0 0.575 0.7406250000000001 0.17187499999999994 0.18958333333333333
0 0.81875 0.8135416666666667 0.171875 0.21875
0 0.9140625 0.4614583333333333 0.171875 0.21874999999999994
0 0.415625 0.4552083333333333 0.171875 0.21875
0 0.409375 0.24270833333333336 0.171875 0.21875000000000003
0 0.5515625 0.19583333333333333 0.190625 0.25
0 0.6546875000000001 0.39479166666666665 0.16249999999999998 0.21041666666666664
0 0.753125 0.34270833333333334 0.17812499999999998 0.24375000000000002
0 0.7406250000000001 0.575 0.17812499999999998 0.17916666666666664
0 0.80390625 0.10625000000000001 0.18593749999999998 0.20833333333333334
0 0.2875 0.28854166666666664 0.14062499999999997 0.21874999999999997
0 0.0796875 0.3229166666666667 0.15625 0.2166666666666667
0 0.09375 0.51875 0.15625 0.20416666666666666
0 0.715625 0.6364583333333333 0.13124999999999998 0.2354166666666666
2 0.1921875 0.803125 0.353125 0.39375000000000004
