0 0.70703125 0.24583333333333332 0.1546875000000001 0.20833333333333331
0 0.29921875 0.525 0.1671875 0.21249999999999997
0 0.5140625 0.31770833333333337 0.128125 0.19791666666666669
0 0.58203125 0.453125 0.1640625 0.2520833333333334
0 0.41484374999999996 0.190625 0.1359375 0.21458333333333335
0 0.73828125 0.6229166666666667 0.19843750000000004 0.22916666666666674
0 0.86328125 0.33125 0.19843750000000004 0.25
0 0.15859375 0.40625 0.2078125 0.16249999999999998
0 0.10390625 0.8583333333333334 0.1578125 0.19583333333333341
0 0.12265625 0.09062500000000001 0.1328125 0.17708333333333334
0 0.29375 0.2125 0.15625 0.2375
0 0.58671875 0.08333333333333334 0.17656250000000007 0.1625
0 0.9421875 0.8447916666666666 0.11562499999999998 0.23958333333333337
2 0.43828124999999996 0.7854166666666667 0.3703125 0.4291666666666667
