0 0.32578125 0.8645833333333334 0.16406250000000003 0.19166666666666665
0 0.8968750000000001 0.5541666666666667 0.18125000000000002 0.22083333333333333
0 0.9171875 0.7875000000000001 0.16562500000000002 0.22916666666666663
0 0.796875 0.71875 0.1656249999999999 0.22916666666666674
0 0.6609375 0.8125 0.19062499999999993 0.2250000000000001
0 0.2625 0.33437500000000003 0.16874999999999998 0.22291666666666668
0 0.23828125 0.578125 0.17343750000000002 0.2604166666666667
0 0.71015625 0.11875000000000001 0.16718749999999993 0.23333333333333334
0 0.2921875 0.07500000000000001 0.15937500000000002 0.14583333333333334
0 0.415625 0.20104166666666667 0.203125 0.24375000000000002
2 0.58203125 0.5114583333333333 0.31406249999999997 0.4520833333333334
1 0.3125 0.6447916666666667 0.059374999999999956 0.09375
