0 0.8359375 0.35520833333333335 0.19062500000000004 0.2520833333333333
0 0.7546875 0.6677083333333333 0.16875000000000007 0.25625
0 0.26171875 0.40208333333333335 0.14531249999999998 0.21666666666666662
0 0.53359375 0.16041666666666665 0.14531249999999996 0.21666666666666665
0 0.8148437500000001 0.10729166666666667 0.15781250000000002 0.21041666666666667
0 0.0796875 0.7 0.15625 0.21250000000000002
0 0.33359375 0.5979166666666667 0.15781249999999997 0.21250000000000008
0 0.24609375 0.7541666666666667 0.17656249999999998 0.2041666666666666
0 0.42109375000000004 0.7708333333333333 0.1765625 0.20416666666666672
0 0.92421875 0.7 0.15156250000000004 0.20833333333333337
0 0.69765625 0.2270833333333333 0.15156250000000004 0.20833333333333331
0 0.2375 0.8833333333333333 0.14375000000000002 0.15416666666666667
0 0.10234375000000001 0.14583333333333334 0.19843750000000002 0.20833333333333334
0 0.3875 0.34270833333333334 0.109375 0.27708333333333335
0 0.621875 0.8510416666666667 0.15937499999999993 0.21458333333333335
0 0.10468750000000002 0.4697916666666666 0.15937500000000002 0.2145833333333333
0 0.92109375 0.91875 0.15781250000000002 0.16249999999999998
1 0.72578125 0.9427083333333333 0.0859375 0.11041666666666672
1 0.49921875000000004 0.8572916666666667 0.054687500000000056 0.04791666666666661
2 0.55625 0.5135416666666667 0.37812500000000004 0.4520833333333334
