0 0.42109375 0.37604166666666666 0.19843749999999993 0.23124999999999996
0 0.21328125 0.5208333333333334 0.15468750000000003 0.20416666666666666
0 0.07812500000000001 0.10104166666666668 0.15000000000000002 0.19791666666666669
0 0.1453125 0.3052083333333333 0.19375 0.20208333333333334
0 0.51875 0.6270833333333333 0.15000000000000002 0.1791666666666667
0 0.475 0.7541666666666667 0.16250000000000003 0.2333333333333334
0 0.4515625 0.86875 0.16250000000000003 0.2333333333333334
0 0.7015625 0.559375 0.18437499999999996 0.17708333333333337
0 0.84921875 0.925 0.17656249999999996 0.15000000000000002
0 0.78046875 0.7510416666666666 0.22031250000000002 0.24791666666666667
0 0.61328125 0.8875 0.1640625 0.22499999999999998
0 0.8953125 0.10312500000000001 0.1875 0.20208333333333334
0 0.30859375 0.8197916666666667 0.16093749999999998 0.21875
0 0.56015625 0.13229166666666667 0.1609375 0.21875
0 0.13046875000000002 0.6760416666666667 0.1609375 0.21875
1 0.42734375 0.146875 0.06406249999999997 0.09791666666666667
1 0.02734375 0.20625 0.0515625 0.09999999999999998
2 0.72578125 0.30833333333333335 0.3109375 0.35
