0 0.21484375 0.13854166666666667 0.17656249999999998 0.20208333333333334
0 0.14609375000000002 0.6354166666666666 0.15781250000000002 0.19166666666666665
0 0.62109375 0.8354166666666667 0.1578124999999999 0.19166666666666665
0 0.23046875 0.85 0.15781250000000002 0.19166666666666665
0 0.384375 0.46249999999999997 0.159375 0.22916666666666663
0 0.703125 0.5979166666666667 0.15937500000000004 0.22916666666666669
0 0.9171875 0.6854166666666667 0.15937499999999993 0.22916666666666674
0 0.93671875 0.396875 0.12656250000000002 0.2270833333333333
0 0.17109375 0.3927083333333333 0.13593750000000002 0.21875
0 0.4953125 0.49166666666666664 0.15937499999999993 0.22916666666666663
0 0.4765625 0.6729166666666666 0.15937500000000004 0.22916666666666663
0 0.43203125 0.8489583333333333 0.16093749999999996 0.20624999999999993
2 0.6203125 0.2791666666666667 0.35 0.43333333333333335
1 0.78125 0.8864583333333333 0.07187499999999991 0.060416666666666674
