0 0.2296875 0.6833333333333333 0.15937500000000002 0.2041666666666666
0 0.31015625 0.11354166666666668 0.17343749999999997 0.22291666666666668
0 0.46328125000000003 0.08854166666666667 0.17343750000000002 0.17291666666666666
0 0.6703125000000001 0.08125000000000002 0.17812499999999998 0.15833333333333335
0 0.09765625 0.42812500000000003 0.1484375 0.17708333333333337
0 0.6429687500000001 0.7250000000000001 0.15468749999999998 0.20833333333333337
0 0.49296875 0.7708333333333333 0.15468749999999998 0.20833333333333337
0 0.11093750000000001 0.9104166666666667 0.1375 0.1791666666666667
0 0.37890625 0.46458333333333335 0.20468750000000002 0.2625
0 0.5953125 0.9114583333333333 0.15312499999999996 0.17708333333333337
0 0.703125 0.9114583333333333 0.15312499999999996 0.17708333333333337
0 0.7578125 0.5572916666666667 0.15312499999999996 0.17708333333333337
0 0.875 0.07395833333333335 0.2124999999999999 0.14375000000000002
2 0.56171875 0.33958333333333335 0.3609375 0.35
1 0.21796875 0.06770833333333334 0.0546875 0.08125
