0 0.79453125 0.328125 0.16718750000000004 0.21458333333333335
0 0.84921875 0.6260416666666666 0.16718750000000004 0.21458333333333324
0 0.92421875 0.45208333333333334 0.15156250000000004 0.21666666666666667
0 0.94375 0.7822916666666667 0.11250000000000004 0.21875
0 0.57578125 0.8708333333333333 0.18281250000000004 0.22083333333333333
0 0.559375 0.21145833333333336 0.18749999999999994 0.23125
0 0.39375000000000004 0.171875 0.153125 0.24375000000000002
0 0.69140625 0.11250000000000002 0.15156250000000004 0.22083333333333335
0 0.060937500000000006 0.42916666666666664 0.11875000000000001 0.22083333333333333
0 0.053125000000000006 0.8947916666666667 0.10312500000000001 0.2104166666666667
0 0.071875 0.07916666666666668 0.140625 0.15416666666666667
0 0.23828125 0.09791666666666668 0.1796875 0.19166666666666668
0 0.14765625 0.7572916666666667 0.1796875 0.19374999999999998
2 0.45781249999999996 0.5510416666666667 0.32812499999999994 0.4312500000000001
1 0.47109375 0.8854166666666667 0.04531250000000003 0.07916666666666672
