2 0.453125 0.3927083333333333 0.30312500000000003 0.40208333333333335
0 0.11796875000000001 0.7291666666666667 0.18281250000000002 0.21666666666666667
0 0.18671875 0.8864583333333333 0.1734375 0.22291666666666665
0 0.27265625 0.7989583333333333 0.1734375 0.22291666666666665
0 0.334375 0.665625 0.140625 0.2270833333333333
0 0.36875 0.7197916666666666 0.140625 0.22708333333333341
0 0.403125 0.7489583333333334 0.140625 0.22708333333333341
0 0.45625000000000004 0.7697916666666667 0.14062500000000006 0.2270833333333333
0 0.85625 0.73125 0.16562500000000002 0.21250000000000002
0 0.9171875 0.8791666666666667 0.16562500000000002 0.21250000000000002
0 0.8796875 0.12083333333333333 0.16562500000000002 0.2125
0 0.9015625 0.20416666666666666 0.19374999999999998 0.22499999999999998
0 0.12499999999999999 0.37083333333333335 0.19374999999999998 0.22499999999999998
0 0.20625 0.24375000000000002 0.19374999999999998 0.225
0 0.1265625 0.17291666666666666 0.19375 0.22499999999999998
0 0.5171875 0.07500000000000001 0.19062500000000004 0.14583333333333334
0 0.4640625 0.9447916666666667 0.13437500000000002 0.11041666666666672
0 0.53046875 0.9520833333333334 0.1296875 0.09583333333333333
