2 0.20546874999999998 0.38645833333333335 0.1890625 0.24791666666666662
1 0.734375 0.14479166666666665 0.0625 0.07708333333333332
1 0.896875 0.7885416666666667 0.0625 0.07708333333333328
1 0.8296875 0.9239583333333333 0.0625 0.07708333333333339
1 0.03125 0.46354166666666663 0.059375 0.07708333333333334
0 0.7609375 0.3177083333333333 0.18437500000000007 0.20625000000000002
0 0.56875 0.6322916666666667 0.18437499999999996 0.20625000000000004
0 0.5125 0.8697916666666667 0.18437500000000007 0.20624999999999993
0 0.09296875 0.6114583333333333 0.18281250000000002 0.20625000000000004
0 0.09296875 0.7427083333333333 0.18281250000000002 0.20625000000000004
0 0.19296875000000002 0.9416666666666667 0.1453125 0.1166666666666667
0 0.38515625 0.24895833333333334 0.17343749999999997 0.26875000000000004
0 0.44687499999999997 0.45729166666666665 0.14687499999999998 0.19375000000000003
0 0.6585937500000001 0.790625 0.13906249999999998 0.21875
0 0.5328124999999999 0.4239583333333333 0.14687499999999998 0.19375000000000003
