0 0.1984375 0.17083333333333334 0.16875 0.21666666666666667
0 0.14687499999999998 0.403125 0.165625 0.2520833333333333
0 0.4890625 0.7947916666666666 0.16562500000000002 0.2520833333333333
0 0.24687499999999998 0.8427083333333334 0.159375 0.18541666666666667
0 0.3078125 0.8677083333333333 0.15937500000000002 0.18541666666666667
0 0.0625 0.6645833333333333 0.12187500000000001 0.21666666666666667
0 0.64375 0.6291666666666667 0.14374999999999993 0.19999999999999996
0 0.71796875 0.38958333333333334 0.16718749999999993 0.19999999999999996
0 0.75703125 0.10104166666666668 0.16718749999999993 0.19791666666666669
0 0.51953125 0.15416666666666667 0.16718750000000004 0.19999999999999998
0 0.85 0.22395833333333334 0.17500000000000004 0.22708333333333336
2 0.43984375 0.46770833333333334 0.34843749999999996 0.42708333333333337
