0 0.5843750000000001 0.13645833333333335 0.18125000000000002 0.18958333333333335
0 0.1484375 0.2989583333333333 0.190625 0.21041666666666667
0 0.14609375 0.5197916666666667 0.1671875 0.19375000000000003
0 0.259375 0.5197916666666667 0.18124999999999997 0.26458333333333334
0 0.40703124999999996 0.5604166666666667 0.08281250000000001 0.2791666666666666
0 0.45625000000000004 0.6708333333333334 0.15625000000000006 0.22083333333333333
0 0.15234375 0.8395833333333333 0.1640625 0.22499999999999998
0 0.60546875 0.35 0.23281250000000003 0.1916666666666667
0 0.87578125 0.409375 0.1640625 0.2520833333333333
0 0.40078125 0.921875 0.1984375 0.15625
0 0.296875 0.78125 0.13437500000000002 0.23750000000000004
0 0.2765625 0.13645833333333335 0.18125 0.21875
2 0.7234375 0.6385416666666667 0.5281250000000001 0.5229166666666667
