0 0.71015625 0.12291666666666667 0.1796875 0.24166666666666667
0 0.30234375 0.6833333333333333 0.17968750000000003 0.2416666666666667
0 0.46796875000000004 0.6833333333333333 0.17968750000000006 0.2416666666666667
0 0.628125 0.8197916666666667 0.20937499999999998 0.24375000000000002
0 0.8 0.721875 0.14687499999999998 0.23541666666666672
0 0.14687499999999998 0.2635416666666667 0.175 0.2020833333333333
0 0.5296875 0.07187500000000001 0.14375 0.13958333333333334
0 0.71015625 0.37083333333333335 0.1796875 0.24166666666666664
0 0.0578125 0.4541666666666666 0.1125 0.2375
1 0.12031249999999999 0.9197916666666666 0.10625 0.12708333333333333
1 0.34296875 0.8927083333333333 0.06093749999999998 0.0854166666666667
1 0.159375 0.41874999999999996 0.071875 0.11249999999999999
1 0.97578125 0.30208333333333337 0.04843750000000002 0.10000000000000003
2 0.375 0.2677083333333333 0.3125 0.42291666666666666
