0 0.13984375 0.8708333333333333 0.1578125 0.2041666666666666
0 0.09453125000000001 0.6916666666666667 0.15156250000000002 0.19999999999999996
0 0.9140625 0.528125 0.171875 0.19374999999999998
0 0.5453125 0.6427083333333334 0.159375 0.24791666666666667
0 0.6875 0.203125 0.15625 0.24375000000000002
0 0.20156249999999998 0.12083333333333333 0.15624999999999997 0.19583333333333333
0 0.68984375 0.64375 0.1796875 0.1875
0 0.09453125 0.27604166666666663 0.1578125 0.20625
0 0.15546875 0.42083333333333334 0.1609375 0.21250000000000002
0 0.34765625 0.675 0.15468749999999998 0.20416666666666672
0 0.8999999999999999 0.8770833333333333 0.16562500000000002 0.2124999999999999
0 0.359375 0.10833333333333332 0.15000000000000002 0.175
2 0.440625 0.40104166666666663 0.334375 0.4395833333333333
