0 0.5765625 0.76875 0.171875 0.22083333333333333
0 0.76328125 0.7239583333333333 0.19843750000000004 0.23125000000000007
0 0.7390625 0.9166666666666667 0.20624999999999993 0.16666666666666663
0 0.5523437499999999 0.4760416666666667 0.20156249999999998 0.22708333333333336
0 0.31796875 0.23854166666666668 0.2015625 0.22708333333333336
0 0.490625 0.20625 0.15312499999999996 0.20833333333333334
0 0.6117187500000001 0.2791666666666667 0.15781250000000002 0.19166666666666668
0 0.92421875 0.10937500000000001 0.15156250000000004 0.21458333333333335
0 0.92421875 0.3541666666666667 0.15156250000000004 0.2166666666666667
0 0.7945312499999999 0.49583333333333335 0.17343750000000002 0.24583333333333335
0 0.34765625 0.9020833333333333 0.17343750000000002 0.1958333333333333
0 0.23124999999999998 0.759375 0.175 0.23124999999999996
0 0.221875 0.5364583333333334 0.17500000000000002 0.23125
2 0.38984375 0.6395833333333334 0.18593749999999998 0.26250000000000007
1 0.02109375 0.10208333333333333 0.0390625 0.08750000000000001
