0 0.0890625 0.8864583333333333 0.165625 0.20625000000000004
0 0.5421875 0.20729166666666665 0.16562500000000002 0.20625
0 0.29453125 0.5145833333333334 0.13281250000000003 0.16249999999999998
0 0.83515625 0.7447916666666667 0.15468749999999998 0.20624999999999993
0 0.94296875 0.5072916666666667 0.11406249999999996 0.2104166666666667
0 0.7476562499999999 0.23854166666666665 0.15468749999999998 0.20625000000000002
0 0.8960937499999999 0.12604166666666666 0.15468749999999998 0.18958333333333333
0 0.6078125000000001 0.10104166666666668 0.16249999999999998 0.19791666666666669
0 0.1375 0.4145833333333333 0.159375 0.2375
0 0.19765624999999998 0.22291666666666665 0.2046875 0.2875
0 0.275 0.9072916666666666 0.12500000000000003 0.16875000000000007
0 0.76796875 0.46458333333333335 0.17656249999999996 0.1791666666666667
0 0.7515625 0.940625 0.14375000000000004 0.10625000000000007
0 0.9671875 0.22083333333333333 0.06562500000000004 0.19166666666666665
2 0.540625 0.7135416666666667 0.29062499999999997 0.36458333333333337
1 0.4453125 0.14270833333333333 0.059374999999999956 0.06041666666666666
1 0.0234375 0.5541666666666667 0.04375 0.06666666666666665
