0 0.23124999999999998 0.08333333333333334 0.20625 0.1625
0 0.5625 0.3833333333333333 0.13749999999999996 0.22500000000000003
0 0.5101562500000001 0.609375 0.14218750000000002 0.1937500000000001
0 0.68828125 0.10416666666666667 0.14218750000000002 0.19166666666666668
0 0.7140625 0.8375 0.15000000000000002 0.19166666666666665
0 0.93671875 0.4302083333333333 0.12656250000000002 0.19375000000000003
0 0.88203125 0.15104166666666669 0.12656250000000002 0.19375
0 0.8359375 0.9083333333333333 0.140625 0.1708333333333334
0 0.140625 0.7322916666666667 0.1375 0.2354166666666666
0 0.22265625 0.31354166666666666 0.1484375 0.21458333333333335
0 0.36015625 0.2677083333333333 0.14218750000000002 0.17708333333333334
0 0.24140625000000002 0.515625 0.1765625 0.21458333333333335
0 0.35859375 0.653125 0.1328125 0.19374999999999998
0 0.39921875 0.7625 0.14218750000000002 0.1875
0 0.28828125 0.825 0.16718750000000002 0.20833333333333337
2 0.72109375 0.5364583333333333 0.2734375 0.31875
1 0.41953125 0.8885416666666667 0.06093750000000003 0.0854166666666667
