2 0.7515625 0.7520833333333333 0.1875 0.24583333333333335
0 0.3734375 0.3458333333333333 0.16250000000000003 0.24583333333333332
0 0.50546875 0.28020833333333334 0.1609375 0.18958333333333333
0 0.47265625 0.459375 0.16093749999999996 0.18958333333333338
0 0.49921875000000004 0.509375 0.1609375 0.18958333333333327
0 0.91015625 0.3979166666666667 0.16718750000000004 0.2541666666666667
0 0.93203125 0.5072916666666667 0.13593750000000004 0.21875000000000006
0 0.81640625 0.5572916666666666 0.13593750000000004 0.21874999999999994
0 0.76796875 0.49687499999999996 0.13593750000000004 0.21874999999999994
0 0.70859375 0.478125 0.13593750000000004 0.21875
0 0.63359375 0.43437499999999996 0.13593749999999993 0.21874999999999994
0 0.88046875 0.17812499999999998 0.13593750000000004 0.21874999999999997
0 0.81640625 0.16354166666666664 0.13593750000000004 0.21874999999999997
0 0.67578125 0.140625 0.13593750000000004 0.21875
0 0.21796875 0.8885416666666666 0.13593750000000002 0.18541666666666667
0 0.08984375 0.7593749999999999 0.1359375 0.18541666666666667
0 0.09453125000000001 0.25104166666666666 0.13593750000000002 0.18541666666666667
0 0.10078124999999999 0.38958333333333334 0.1578125 0.21250000000000002
0 0.13671875 0.4625 0.15781250000000002 0.21249999999999997
0 0.15234375 0.08958333333333335 0.15468749999999998 0.15833333333333335
0 0.25390625 0.10625 0.15468749999999998 0.15833333333333333
0 0.27421875 0.14375 0.1546875 0.15833333333333333
0 0.92421875 0.8072916666666666 0.15156250000000004 0.21875
0 0.58984375 0.9541666666666666 0.14531249999999996 0.09166666666666667
0 0.36796874999999996 0.7458333333333333 0.1765625 0.22083333333333333
0 0.31484375 0.6125 0.1765625 0.22083333333333333
0 0.23671875 0.5770833333333334 0.1765625 0.22083333333333333
1 0.23906249999999998 0.2791666666666667 0.06562499999999999 0.09583333333333333
1 0.59453125 0.17083333333333334 0.05156250000000007 0.07916666666666666
0 0.08046874999999999 0.6197916666666667 0.1578125 0.20624999999999993
