0 0.34609375 0.44895833333333335 0.12031249999999999 0.29791666666666666
0 0.2953125 0.18854166666666666 0.18749999999999997 0.2104166666666667
0 0.20859375000000002 0.41354166666666664 0.14843750000000003 0.18958333333333333
0 0.171875 0.5885416666666666 0.16874999999999998 0.20625
0 0.409375 0.76875 0.17812499999999998 0.23333333333333328
0 0.48281250000000003 0.5416666666666667 0.16562500000000002 0.20416666666666672
0 0.61640625 0.4114583333333333 0.18593749999999998 0.20208333333333328
0 0.10546875 0.8145833333333333 0.1796875 0.2583333333333333
0 0.08671875 0.27708333333333335 0.1703125 0.225
0 0.59375 0.2 0.14375000000000004 0.23333333333333334
0 0.684375 0.190625 0.19374999999999998 0.2520833333333333
0 0.86015625 0.64375 0.1640625 0.21666666666666667
0 0.8734375000000001 0.7666666666666666 0.15000000000000002 0.19166666666666676
0 0.81640625 0.34479166666666666 0.15156250000000004 0.18541666666666667
2 0.63515625 0.7697916666666667 0.34843749999999996 0.42708333333333326
1 0.47734375 0.21666666666666667 0.04843750000000002 0.0625
1 0.76796875 0.9552083333333333 0.0390625 0.07708333333333339
