0 0.440625 0.396875 0.17499999999999993 0.20625
0 0.3921875 0.20416666666666666 0.21249999999999997 0.2416666666666667
0 0.5984375 0.40625 0.17499999999999993 0.21666666666666662
0 0.871875 0.7124999999999999 0.16562500000000002 0.21250000000000002
0 0.9156249999999999 0.903125 0.16249999999999998 0.19374999999999998
0 0.33828125 0.91875 0.1609375 0.16249999999999998
0 0.5171875 0.7114583333333333 0.18124999999999997 0.20208333333333328
0 0.075 0.09791666666666668 0.146875 0.19166666666666668
0 0.72421875 0.6208333333333333 0.16718750000000004 0.25833333333333336
0 0.6304687499999999 0.11666666666666668 0.17031249999999998 0.22916666666666669
0 0.9390625 0.26979166666666665 0.12187499999999996 0.24375
0 0.89765625 0.4854166666666666 0.15468749999999998 0.2458333333333333
0 0.26093750000000004 0.47291666666666665 0.184375 0.24166666666666664
1 0.40156250000000004 0.04895833333333333 0.07500000000000001 0.09375
2 0.6796875 0.8697916666666667 0.33125000000000004 0.26041666666666663
