0 0.24687499999999998 0.22499999999999998 0.190625 0.20416666666666666
0 0.415625 0.18541666666666667 0.16562499999999997 0.21250000000000002
0 0.26484375 0.6375 0.1734375 0.21666666666666667
0 0.90859375 0.53125 0.16718750000000004 0.19166666666666665
0 0.56640625 0.29375 0.16718750000000004 0.19166666666666668
0 0.6140625 0.27708333333333335 0.15625 0.16666666666666666
0 0.771875 0.19791666666666669 0.15625 0.16666666666666669
0 0.10390625 0.5197916666666667 0.2015625 0.2604166666666667
0 0.23203125000000002 0.8635416666666667 0.16406250000000003 0.21875
0 0.73671875 0.7364583333333334 0.15156250000000004 0.18541666666666667
0 0.8625 0.8833333333333333 0.19062499999999993 0.23333333333333328
0 0.375 0.38020833333333337 0.18437499999999996 0.20208333333333334
0 0.5390625 0.8385416666666667 0.17500000000000004 0.20624999999999993
0 0.065625 0.16562500000000002 0.12812500000000002 0.23125
2 0.5359375 0.5395833333333333 0.22812500000000002 0.2791666666666667
1 0.16171875 0.38749999999999996 0.0703125 0.07500000000000001
