0 0.2984375 0.4239583333333333 0.13437499999999997 0.18124999999999997
0 0.2546875 0.3885416666666667 0.16562500000000002 0.17291666666666666
0 0.21484375 0.5927083333333333 0.17656249999999998 0.21874999999999994
0 0.79765625 0.4239583333333333 0.17031249999999998 0.23958333333333331
0 0.48203124999999997 0.8364583333333333 0.17031249999999998 0.23958333333333337
0 0.7210937500000001 0.49062500000000003 0.17031249999999998 0.23958333333333337
0 0.5609375 0.7447916666666667 0.16874999999999996 0.19791666666666663
0 0.90703125 0.09062500000000001 0.18281249999999993 0.17708333333333334
0 0.853125 0.6635416666666667 0.16874999999999996 0.23958333333333337
0 0.6976562500000001 0.6958333333333333 0.18593749999999998 0.2833333333333333
0 0.296875 0.809375 0.171875 0.21041666666666659
0 0.18125000000000002 0.815625 0.17187500000000003 0.21041666666666659
0 0.04687500000000001 0.28020833333333334 0.09062500000000001 0.19375
2 0.45859375 0.25625 0.3203125 0.4083333333333333
