0 0.1171875 0.7072916666666667 0.153125 0.19374999999999998
0 0.55390625 0.8270833333333334 0.1921875 0.21666666666666667
0 0.90546875 0.525 0.18906250000000002 0.2625
0 0.84453125 0.18749999999999997 0.18906250000000002 0.26249999999999996
0 0.7125 0.08229166666666668 0.16874999999999996 0.16041666666666668
0 0.590625 0.6177083333333333 0.15937499999999993 0.19374999999999998
0 0.75234375 0.6791666666666667 0.2109375 0.21250000000000002
0 0.9328125 0.8177083333333334 0.13437500000000002 0.2104166666666667
0 0.0796875 0.9072916666666666 0.15 0.18541666666666667
0 0.1921875 0.15520833333333334 0.159375 0.23124999999999998
0 0.32578125 0.5145833333333333 0.2015625 0.24166666666666664
0 0.28046875 0.7625 0.1796875 0.19583333333333341
