0 0.3125 0.8343750000000001 0.18125000000000002 0.19374999999999998
0 0.12890625 0.8708333333333333 0.17343750000000002 0.1875
0 0.415625 0.284375 0.18124999999999997 0.19374999999999998
0 0.69609375 0.19791666666666669 0.18281249999999993 0.225
0 0.72421875 0.43437500000000007 0.14531249999999996 0.22708333333333336
0 0.93203125 0.6072916666666667 0.13593750000000004 0.2645833333333334
0 0.2953125 0.5104166666666667 0.153125 0.21250000000000002
0 0.45 0.6979166666666667 0.15312500000000007 0.21250000000000002
0 0.1609375 0.7291666666666666 0.15625 0.1875
0 0.51484375 0.16666666666666666 0.1765625 0.25
2 0.6296875 0.6989583333333333 0.20624999999999993 0.27708333333333335
1 0.23515625 0.43854166666666666 0.05156249999999998 0.06874999999999998
2 0.93359375 0.3145833333333333 0.1328125 0.2583333333333333
