0 0.709375 0.30833333333333335 0.21562499999999996 0.20833333333333331
0 0.68984375 0.44166666666666665 0.1796875 0.19999999999999996
0 0.25390625 0.35625 0.19218749999999998 0.21250000000000002
0 0.284375 0.8197916666666667 0.16249999999999998 0.20625000000000004
0 0.32421875 0.896875 0.14531249999999996 0.20625000000000004
0 0.10703125 0.5958333333333333 0.1703125 0.2416666666666667
0 0.56328125 0.73125 0.17031249999999998 0.24166666666666659
0 0.9085937500000001 0.33749999999999997 0.15781250000000002 0.24583333333333332
0 0.84765625 0.6041666666666666 0.1578124999999999 0.2375
0 0.64765625 0.6625 0.15781250000000002 0.23750000000000004
0 0.49140625 0.24375 0.15781250000000002 0.2375
0 0.4828125 0.48958333333333337 0.1875 0.2541666666666667
2 0.6640625 0.11145833333333334 0.44375000000000003 0.21875
0 0.24296875 0.10312500000000001 0.14531249999999998 0.20208333333333334
0 0.28359375 0.23958333333333334 0.1453125 0.20416666666666666
0 0.8359375 0.8895833333333334 0.171875 0.22083333333333333
