2 0.53515625 0.625 0.25468749999999996 0.33749999999999997
0 0.4703125 0.13958333333333334 0.22812499999999997 0.22499999999999998
0 0.5921875000000001 0.3677083333333333 0.18125000000000002 0.24791666666666665
0 0.8374999999999999 0.296875 0.18125000000000002 0.24791666666666667
0 0.7703125 0.43020833333333336 0.18125000000000002 0.24791666666666667
0 0.7375 0.5822916666666667 0.18125000000000002 0.24791666666666673
0 0.82734375 0.6270833333333333 0.15468749999999998 0.2124999999999999
0 0.82421875 0.7395833333333333 0.1546875000000001 0.21250000000000002
0 0.78828125 0.8416666666666667 0.15468749999999998 0.2124999999999999
0 0.90703125 0.7520833333333333 0.15468749999999998 0.2124999999999999
0 0.06328125 0.14583333333333334 0.1234375 0.24166666666666667
0 0.2140625 0.11458333333333334 0.19062500000000002 0.225
0 0.77265625 0.11979166666666667 0.2109375 0.23541666666666666
1 0.653125 0.06458333333333334 0.06874999999999998 0.12083333333333333
1 0.3609375 0.9083333333333333 0.06562499999999999 0.0708333333333333
0 0.3828125 0.34479166666666666 0.15312499999999996 0.2270833333333333
0 0.115625 0.428125 0.153125 0.2270833333333333
0 0.13671875 0.9270833333333333 0.13906249999999998 0.14583333333333337
0 0.26328125 0.9270833333333333 0.1390625 0.14583333333333337
0 0.07734375 0.8677083333333333 0.15156250000000002 0.18125000000000002
