0 0.5015624999999999 0.23958333333333331 0.19374999999999998 0.2125
0 0.34921875 0.7166666666666667 0.17343749999999997 0.2250000000000001
0 0.50625 0.5072916666666667 0.14375 0.23125
0 0.79140625 0.26979166666666665 0.16718750000000004 0.21874999999999997
0 0.64453125 0.45 0.1484375 0.22083333333333333
0 0.20234375 0.125 0.1484375 0.22083333333333333
0 0.057031250000000006 0.628125 0.11093750000000001 0.26874999999999993
0 0.9164062500000001 0.4552083333333333 0.15781250000000002 0.24374999999999997
0 0.5687500000000001 0.7 0.13437500000000002 0.19583333333333341
0 0.159375 0.9177083333333333 0.17500000000000002 0.1645833333333333
2 0.76484375 0.7885416666666667 0.3609375 0.4229166666666667
