0 0.36015624999999996 0.6510416666666666 0.2078125 0.21458333333333335
0 0.12734375 0.24479166666666669 0.2078125 0.21458333333333335
0 0.11328124999999999 0.590625 0.18593749999999998 0.20625
0 0.46328125 0.11458333333333334 0.1796875 0.21666666666666667
0 0.9234375 0.33645833333333336 0.15312499999999996 0.21875000000000003
0 0.765625 0.7197916666666667 0.15312499999999996 0.21875
0 0.5125 0.528125 0.17187499999999994 0.23125000000000007
0 0.33203125 0.39583333333333337 0.20156249999999998 0.2541666666666667
0 0.64765625 0.23854166666666665 0.16093750000000007 0.18958333333333333
0 0.66484375 0.50625 0.13593749999999993 0.22083333333333338
2 0.57578125 0.8572916666666667 0.37031250000000004 0.28541666666666665
1 0.9265625 0.5322916666666666 0.08124999999999993 0.08958333333333329
