0 0.92109375 0.215625 0.15781250000000002 0.2104166666666667
0 0.70625 0.803125 0.18437500000000007 0.21458333333333335
0 0.87421875 0.7125 0.18281249999999993 0.2666666666666666
0 0.7546875 0.12083333333333335 0.1875 0.23750000000000002
0 0.6039062500000001 0.25416666666666665 0.17343750000000002 0.19166666666666665
0 0.58671875 0.4979166666666667 0.1984375 0.2625
0 0.09921875 0.5083333333333333 0.1671875 0.19999999999999996
0 0.26875000000000004 0.44166666666666665 0.184375 0.24583333333333335
0 0.47890625 0.3770833333333333 0.1796875 0.2
2 0.3140625 0.7895833333333333 0.45 0.4208333333333333
