0 0.35625 0.8208333333333333 0.15625 0.18333333333333335
0 0.33125 0.3854166666666667 0.15625 0.18333333333333335
0 0.40546875 0.18020833333333333 0.17031249999999998 0.23541666666666666
0 0.22890625 0.08541666666666668 0.1609375 0.16666666666666669
0 0.528125 0.653125 0.159375 0.22291666666666665
0 0.7796875 0.378125 0.15937500000000004 0.22291666666666665
0 0.74609375 0.6041666666666666 0.1484375 0.1958333333333333
0 0.73515625 0.9010416666666667 0.1484375 0.19791666666666663
0 0.62734375 0.109375 0.1015625 0.14375
0 0.07812500000000001 0.20208333333333334 0.15000000000000002 0.16666666666666666
0 0.6304687499999999 0.3614583333333333 0.15781250000000002 0.2104166666666667
0 0.1125 0.4125 0.15625 0.1833333333333333
2 0.1265625 0.70625 0.25 0.3125
1 0.86953125 0.26979166666666665 0.07343750000000004 0.08958333333333332
0 0.20234375 0.465625 0.1578125 0.23125000000000007
