0 0.11875 0.31145833333333334 0.159375 0.24791666666666667
0 0.0890625 0.10312500000000001 0.15937500000000002 0.20208333333333334
0 0.26640625 0.08125000000000002 0.19218749999999998 0.15833333333333335
0 0.51796875 0.12916666666666665 0.1796875 0.2333333333333333
0 0.65859375 0.48124999999999996 0.1796875 0.24166666666666664
0 0.21015625 0.6604166666666667 0.15156250000000002 0.21250000000000002
0 0.07578125 0.76875 0.1484375 0.22916666666666663
0 0.3515625 0.8041666666666667 0.15000000000000002 0.22916666666666663
0 0.51796875 0.7416666666666667 0.1515625 0.20833333333333337
0 0.7 0.721875 0.17499999999999993 0.21041666666666659
0 0.8703125 0.8760416666666666 0.17499999999999993 0.21041666666666659
0 0.6828125 0.234375 0.15312500000000007 0.21041666666666667
0 0.43515625 0.928125 0.14218749999999997 0.1395833333333334
0 0.228125 0.9270833333333333 0.175 0.13750000000000007
2 0.36328125 0.375 0.37031250000000004 0.47500000000000003
1 0.790625 0.48854166666666665 0.10624999999999996 0.13958333333333334
1 0.7703125 0.13229166666666667 0.07187500000000002 0.08541666666666665
