0 0.8570312499999999 0.51875 0.20156249999999998 0.22499999999999998
0 0.9078125 0.7239583333333333 0.17500000000000004 0.20208333333333328
0 0.25234375 0.41770833333333335 0.2046875 0.18124999999999997
0 0.2828125 0.6854166666666667 0.0 0.0
0 0.49375 0.528125 0.1875 0.2229166666666666
0 0.90859375 0.125 0.18281250000000004 0.24583333333333335
0 0.12890625 0.10729166666666667 0.15781250000000002 0.19375
0 0.26015625 0.17395833333333333 0.10781250000000003 0.25625
0 0.5992187499999999 0.8010416666666667 0.14218750000000002 0.24791666666666667
1 0.03828125 0.803125 0.0734375 0.1020833333333333
1 0.146875 0.48020833333333335 0.07500000000000001 0.10208333333333336
2 0.475 0.16041666666666665 0.378125 0.31666666666666665
