0 0.33125 0.6270833333333333 0.18125 0.22916666666666674
0 0.27656250000000004 0.40729166666666666 0.153125 0.18958333333333333
0 0.11406250000000001 0.09583333333333334 0.19375 0.1875
0 0.79765625 0.1635416666666667 0.15468749999999998 0.19375000000000003
0 0.80078125 0.7479166666666667 0.1578124999999999 0.19999999999999996
0 0.534375 0.8104166666666667 0.17187500000000006 0.20833333333333326
0 0.11953124999999999 0.5302083333333334 0.2140625 0.2229166666666667
0 0.071875 0.3177083333333333 0.140625 0.1895833333333333
0 0.7601562500000001 0.55 0.15781250000000002 0.2
0 0.65703125 0.1572916666666667 0.17343750000000002 0.20208333333333336
2 0.47578125 0.3427083333333333 0.33906249999999993 0.44791666666666663
