0 0.44609374999999996 0.8541666666666667 0.16406249999999994 0.17499999999999993
0 0.6265625 0.8968750000000001 0.171875 0.18958333333333333
0 0.4625 0.246875 0.171875 0.18958333333333335
0 0.48125 0.08958333333333335 0.18125000000000002 0.17500000000000002
0 0.259375 0.7739583333333333 0.18750000000000003 0.23541666666666672
0 0.53359375 0.4208333333333333 0.1640625 0.175
0 0.62890625 0.3145833333333333 0.1640625 0.17500000000000002
0 0.24453124999999998 0.12916666666666668 0.16406249999999997 0.17500000000000002
0 0.08515625 0.5656249999999999 0.16718750000000002 0.21041666666666664
0 0.95390625 0.8947916666666667 0.08906249999999993 0.2104166666666667
0 0.79609375 0.8625 0.1640625 0.17499999999999993
0 0.93984375 0.13854166666666667 0.12031250000000004 0.19375
0 0.55 0.6760416666666667 0.15000000000000002 0.26041666666666674
1 0.4140625 0.6208333333333333 0.08125000000000004 0.09583333333333333
1 0.2421875 0.6041666666666666 0.10624999999999998 0.125
1 0.12578125 0.29791666666666666 0.0734375 0.09999999999999998
1 0.0234375 0.6385416666666667 0.04375 0.0854166666666667
2 0.7640625000000001 0.5833333333333333 0.38125 0.475
