0 0.75703125 0.32916666666666666 0.17031249999999998 0.1958333333333333
0 0.59296875 0.346875 0.15781250000000002 0.18958333333333333
0 0.6929687499999999 0.8572916666666666 0.15781250000000002 0.18958333333333333
0 0.15234375 0.1552083333333333 0.18906250000000002 0.26041666666666663
0 0.52421875 0.11666666666666668 0.2296875 0.22916666666666669
0 0.35390625 0.521875 0.17343749999999997 0.19375000000000003
0 0.41328125 0.7364583333333333 0.12343749999999998 0.1729166666666666
0 0.57265625 0.8114583333333334 0.15468750000000003 0.16458333333333341
0 0.8851562500000001 0.790625 0.18593749999999998 0.2354166666666666
0 0.45546875 0.31666666666666665 0.17031250000000003 0.22083333333333333
0 0.73515625 0.15312499999999998 0.15781250000000002 0.23124999999999998
2 0.534375 0.615625 0.21250000000000002 0.24791666666666673
