0 0.5890625 0.4666666666666667 0.13750000000000007 0.20833333333333331
0 0.56875 0.140625 0.16250000000000003 0.21458333333333335
0 0.33203125 0.19895833333333335 0.12343749999999998 0.18541666666666667
0 0.77421875 0.7020833333333334 0.1328125 0.19166666666666676
0 0.71015625 0.55625 0.14531250000000007 0.2
0 0.79140625 0.34791666666666665 0.14531249999999996 0.2
0 0.53203125 0.884375 0.1671875 0.23124999999999996
0 0.05390625 0.5354166666666667 0.1046875 0.22083333333333338
0 0.39375000000000004 0.8583333333333334 0.159375 0.23749999999999993
0 0.11484375000000001 0.1375 0.14218750000000002 0.225
2 0.29609375000000004 0.46979166666666666 0.2671875 0.31875
1 0.82421875 0.5604166666666667 0.051562499999999956 0.06666666666666665
1 0.290625 0.07291666666666666 0.04999999999999999 0.08333333333333333
1 0.09296875 0.184375 0.029687500000000006 0.04791666666666666
1 0.61484375 0.32916666666666666 0.0546875 0.06666666666666665
