0 0.66875 0.4979166666666667 0.14687499999999998 0.2
0 0.31171875 0.415625 0.1734375 0.20625000000000004
0 0.26640625 0.56875 0.17343750000000002 0.2458333333333333
0 0.72734375 0.63125 0.17343750000000002 0.24583333333333335
0 0.86640625 0.3822916666666667 0.14531250000000007 0.23125
0 0.7554687499999999 0.13854166666666667 0.15781250000000002 0.22708333333333333
0 0.92109375 0.8614583333333333 0.15781250000000002 0.2270833333333333
0 0.92578125 0.6458333333333334 0.1484375 0.1958333333333333
0 0.15546875 0.7854166666666667 0.1484375 0.1958333333333333
0 0.54609375 0.13958333333333334 0.18281249999999993 0.1875
0 0.44375 0.8552083333333333 0.18437499999999996 0.20625000000000004
0 0.6921875 0.9177083333333333 0.18437500000000007 0.1645833333333333
0 0.13046875000000002 0.07083333333333335 0.1765625 0.1375
0 0.91875 0.08125000000000002 0.16249999999999998 0.15833333333333335
0 0.28828125 0.8187500000000001 0.1484375 0.22916666666666663
2 0.475 0.5979166666666667 0.25 0.24166666666666664
1 0.55 0.3541666666666667 0.04999999999999993 0.05833333333333335
1 0.62734375 0.16979166666666667 0.051562499999999956 0.06458333333333333
