0 0.3015625 0.8145833333333333 0.15312499999999998 0.1875
0 0.06484374999999999 0.24166666666666664 0.1265625 0.18333333333333332
0 0.2421875 0.06875 0.15000000000000002 0.13333333333333333
0 0.39921875 0.09062500000000001 0.17343750000000002 0.17708333333333334
0 0.19765624999999998 0.25 0.1734375 0.17916666666666667
0 0.1265625 0.6333333333333333 0.14375 0.21666666666666667
0 0.17265625 0.7093750000000001 0.1109375 0.18958333333333333
0 0.1234375 0.840625 0.15625 0.22291666666666665
0 0.4046875 0.33645833333333336 0.15625 0.22291666666666668
0 0.8109375000000001 0.3666666666666667 0.13124999999999998 0.175
2 0.5296875 0.6375 0.30937499999999996 0.3625
