2 0.36796874999999996 0.27708333333333335 0.3390625 0.3875
0 0.57890625 0.3 0.1671875 0.2125
0 0.6640625 0.3958333333333333 0.14375000000000004 0.18333333333333335
0 0.8734375 0.5333333333333333 0.171875 0.19166666666666665
0 0.7578125 0.6427083333333334 0.2124999999999999 0.2520833333333333
0 0.88203125 0.15520833333333334 0.15781250000000002 0.25625
0 0.73203125 0.09270833333333334 0.16093749999999996 0.18125
0 0.0625 0.38125 0.12187500000000001 0.2375
0 0.16015625 0.540625 0.17343750000000002 0.23958333333333331
0 0.5765625 0.6885416666666666 0.171875 0.19374999999999998
0 0.66328125 0.834375 0.18593749999999998 0.2104166666666667
0 0.06796875 0.8135416666666666 0.1328125 0.18125000000000002
0 0.18125000000000002 0.9125 0.209375 0.17500000000000004
0 0.86640625 0.8979166666666667 0.12656250000000002 0.19166666666666665
0 0.16171875 0.2885416666666667 0.1484375 0.3020833333333333
0 0.42656249999999996 0.6468750000000001 0.18749999999999994 0.23958333333333337
1 0.55078125 0.590625 0.0546875 0.06458333333333333
