0 0.7250000000000001 0.884375 0.15000000000000002 0.22291666666666665
0 0.8015625 0.296875 0.16562500000000002 0.21875
0 0.7390625 0.609375 0.18437500000000007 0.19791666666666674
0 0.3640625 0.675 0.140625 0.20833333333333337
0 0.26015625 0.8166666666666667 0.15468750000000003 0.19999999999999996
0 0.3109375 0.8979166666666667 0.159375 0.16249999999999998
0 0.5679687499999999 0.2427083333333333 0.17031249999999998 0.21458333333333332
0 0.7 0.65 0.140625 0.1958333333333333
0 0.93984375 0.35520833333333335 0.11406249999999996 0.22291666666666668
0 0.93359375 0.17812500000000003 0.1328125 0.19375000000000003
2 0.31171875000000004 0.21875 0.39843750000000006 0.43333333333333335
1 0.9554687500000001 0.8541666666666667 0.06406250000000002 0.07916666666666672
1 0.0859375 0.515625 0.059375000000000004 0.06041666666666662
