0 0.309375 0.7322916666666667 0.140625 0.17708333333333326
0 0.27734375 0.9177083333333333 0.14531249999999998 0.1645833333333333
0 0.67265625 0.48020833333333335 0.16718749999999993 0.22708333333333336
0 0.82890625 0.6625 0.13906249999999998 0.18333333333333335
0 0.7421875 0.07812500000000001 0.12812500000000004 0.15208333333333335
0 0.8382812500000001 0.21770833333333334 0.17343750000000002 0.20625000000000004
0 0.2140625 0.33749999999999997 0.14687499999999998 0.18333333333333332
0 0.50625 0.3822916666666667 0.15625 0.19375000000000003
0 0.8828125 0.053125 0.15625 0.10208333333333333
0 0.93828125 0.37812500000000004 0.12343749999999998 0.20625
0 0.96015625 0.7208333333333333 0.07968750000000002 0.17500000000000004
0 0.91015625 0.9083333333333333 0.1734374999999999 0.18333333333333335
0 0.52265625 0.13749999999999998 0.19843749999999993 0.19999999999999998
2 0.47109375 0.8458333333333333 0.2109375 0.30833333333333335
1 0.47343749999999996 0.6614583333333334 0.06562499999999999 0.08958333333333335
