0 0.09609375 0.8395833333333333 0.1796875 0.2041666666666666
0 0.14921874999999998 0.6302083333333334 0.20781249999999998 0.28958333333333336
0 0.15 0.459375 0.178125 0.19375000000000003
0 0.26875000000000004 0.48541666666666666 0.10625000000000001 0.27083333333333337
0 0.09921875000000001 0.08333333333333334 0.1296875 0.1625
0 0.48671875 0.21145833333333336 0.16093749999999996 0.23125
0 0.66640625 0.11979166666666667 0.13593750000000004 0.17708333333333334
0 0.34921875 0.30729166666666663 0.17031250000000003 0.18124999999999997
0 0.39609375 0.5645833333333333 0.18593750000000003 0.18333333333333335
0 0.33984375 0.78125 0.1796875 0.23750000000000004
0 0.45078125 0.7854166666666667 0.1796875 0.23750000000000004
0 0.64609375 0.759375 0.1796875 0.2645833333333334
0 0.20703125 0.225 0.12031250000000002 0.275
0 0.08515624999999999 0.278125 0.16093749999999998 0.18958333333333335
0 0.28125 0.12083333333333333 0.15312499999999998 0.22916666666666666
0 0.92578125 0.490625 0.1484375 0.28541666666666665
0 0.8078125 0.9375 0.1875 0.125
1 0.75 0.7708333333333333 0.0625 0.09583333333333333
2 0.65859375 0.4760416666666667 0.35781250000000003 0.41875
