0 0.52421875 0.3677083333333333 0.12031249999999999 0.18958333333333338
0 0.8374999999999999 0.5520833333333334 0.19687500000000002 0.2
0 0.64296875 0.37812500000000004 0.16093749999999996 0.23125
0 0.32734375 0.5270833333333333 0.2046875 0.2874999999999999
0 0.11015625000000001 0.6833333333333333 0.1046875 0.2041666666666666
0 0.79609375 0.19791666666666669 0.10468749999999993 0.20416666666666666
0 0.88359375 0.7645833333333334 0.11406250000000007 0.20000000000000007
0 0.09609375 0.9229166666666666 0.1640625 0.15416666666666667
0 0.40546875 0.6854166666666667 0.1640625 0.1875
2 0.61328125 0.7697916666666667 0.3046875 0.32291666666666674
1 0.26328125 0.9197916666666667 0.04843749999999997 0.06875000000000009
0 0.6640625 0.19583333333333336 0.1499999999999999 0.2
