0 0.315625 0.43125 0.19374999999999998 0.1916666666666667
0 0.63359375 0.684375 0.14218750000000002 0.18958333333333333
0 0.771875 0.75 0.203125 0.2416666666666667
0 0.8984375 0.5822916666666667 0.16874999999999996 0.20208333333333334
0 0.71875 0.43124999999999997 0.2124999999999999 0.22499999999999998
0 0.7109375 0.21875 0.1468750000000001 0.2041666666666667
0 0.6546875000000001 0.10312500000000001 0.14687499999999998 0.20208333333333334
0 0.9265625 0.20208333333333334 0.14687499999999998 0.20416666666666664
0 0.35859375000000004 0.09791666666666668 0.1765625 0.19166666666666668
0 0.17265625 0.07604166666666667 0.1546875 0.14791666666666667
0 0.05234375 0.15208333333333332 0.1015625 0.19999999999999998
2 0.265625 0.6875 0.24687499999999998 0.2875000000000001
1 0.44453125 0.21354166666666669 0.06406250000000002 0.09375000000000003
