0 0.35546875 0.203125 0.15781250000000002 0.20625000000000002
0 0.18046875 0.8427083333333334 0.15781250000000002 0.20624999999999993
0 0.940625 0.9114583333333333 0.11875000000000002 0.17708333333333337
0 0.8234375 0.76875 0.171875 0.22499999999999998
0 0.33984375 0.8958333333333333 0.19218749999999998 0.20833333333333337
0 0.5390625 0.20625 0.15312499999999996 0.20416666666666666
0 0.80078125 0.14270833333333333 0.17656249999999996 0.19791666666666669
0 0.17890625 0.10416666666666667 0.18593749999999998 0.20416666666666666
0 0.15546875 0.6854166666666667 0.12031250000000002 0.1416666666666666
2 0.4375 0.609375 0.37187499999999996 0.46458333333333335
