0 0.059375000000000004 0.7739583333333333 0.115625 0.2270833333333333
0 0.38671875 0.9302083333333333 0.20156249999999998 0.13958333333333328
0 0.284375 0.9375 0.16249999999999998 0.125
0 0.85546875 0.8427083333333334 0.1390625000000001 0.18541666666666667
0 0.5546875 0.7125 0.17500000000000004 0.1875
0 0.89453125 0.1875 0.1734374999999999 0.22083333333333333
0 0.17265625 0.3854166666666667 0.1328125 0.1875
0 0.26796875 0.6229166666666667 0.13281249999999997 0.1875
0 0.14453125 0.5520833333333333 0.1796875 0.23333333333333328
0 0.7718750000000001 0.6822916666666667 0.16562500000000002 0.14374999999999993
0 0.9164062500000001 0.6343749999999999 0.13906249999999998 0.18541666666666667
2 0.6515625 0.35 0.41875 0.525
