2 0.53515625 0.16770833333333332 0.2734375 0.33125
0 0.421875 0.46770833333333334 0.14375000000000004 0.19791666666666663
0 0.59296875 0.709375 0.16093750000000007 0.2104166666666667
0 0.39765625000000004 0.746875 0.1609375 0.21041666666666659
0 0.08437499999999999 0.7135416666666667 0.165625 0.25625
0 0.30703125 0.3739583333333333 0.1671875 0.25625
0 0.055468750000000004 0.328125 0.1078125 0.24791666666666667
0 0.06484374999999999 0.4760416666666667 0.1265625 0.18124999999999997
0 0.203125 0.596875 0.12812500000000002 0.18125000000000002
0 0.29296875 0.9260416666666667 0.18281250000000002 0.1479166666666667
0 0.33984375 0.5656249999999999 0.16093749999999996 0.21041666666666664
0 0.26484375 0.07187500000000001 0.1578125 0.13958333333333334
0 0.3625 0.06354166666666666 0.125 0.12291666666666666
0 0.6859375000000001 0.4510416666666667 0.16249999999999998 0.20625000000000004
0 0.7390625 0.48125 0.09999999999999998 0.15000000000000002
0 0.9312499999999999 0.48541666666666666 0.13437500000000002 0.21666666666666667
0 0.9015625 0.5833333333333333 0.13437500000000002 0.21666666666666667
0 0.9312499999999999 0.8770833333333333 0.13437500000000002 0.24583333333333335
0 0.93203125 0.10937500000000001 0.13593750000000004 0.21458333333333335
0 0.81640625 0.2583333333333333 0.1890624999999999 0.27499999999999997
0 0.6921875 0.26666666666666666 0.18125000000000002 0.22083333333333333
0 0.5109375 0.8104166666666667 0.19062499999999993 0.25416666666666665
