0 0.52421875 0.8822916666666667 0.15781250000000002 0.23541666666666672
0 0.6859375000000001 0.846875 0.16562500000000002 0.19374999999999998
0 0.54296875 0.24375 0.17031250000000003 0.20833333333333331
0 0.70234375 0.16041666666666665 0.1796875 0.25
0 0.5515625 0.65625 0.17812499999999998 0.1958333333333333
0 0.40937500000000004 0.09375000000000001 0.184375 0.18333333333333335
0 0.6046875 0.48020833333333335 0.13124999999999998 0.21875
0 0.91640625 0.11145833333333334 0.16093749999999996 0.21875
0 0.7296875 0.415625 0.16249999999999998 0.2229166666666667
0 0.76171875 0.6385416666666667 0.16093749999999996 0.2020833333333334
0 0.2671875 0.21979166666666666 0.159375 0.22291666666666665
0 0.88359375 0.384375 0.1484375 0.21041666666666664
0 0.88359375 0.828125 0.1796875 0.17708333333333326
0 0.0671875 0.31354166666666666 0.13125 0.2270833333333333
2 0.1921875 0.6947916666666667 0.3125 0.44375
1 0.53046875 0.4791666666666667 0.0546875 0.08750000000000002
