0 0.50390625 0.10937500000000001 0.17031250000000003 0.19791666666666669
0 0.83203125 0.3052083333333333 0.1703125000000001 0.19791666666666669
0 0.26640625 0.9010416666666667 0.1703125 0.19791666666666663
0 0.584375 0.35625 0.203125 0.22916666666666666
0 0.68046875 0.21875 0.16718749999999993 0.18333333333333335
0 0.64140625 0.09270833333333334 0.17656250000000007 0.18125
0 0.36015625 0.2572916666666667 0.17031249999999998 0.19791666666666669
0 0.33671874999999996 0.38125 0.1609375 0.23333333333333334
0 0.765625 0.734375 0.18437499999999996 0.23958333333333326
0 0.73359375 0.9270833333333333 0.17031249999999998 0.14583333333333337
0 0.56796875 0.9197916666666667 0.19843750000000004 0.16041666666666665
0 0.94375 0.4552083333333333 0.11250000000000004 0.2104166666666667
0 0.13359375 0.80625 0.1421875 0.1958333333333333
0 0.17734375000000002 0.45416666666666666 0.1609375 0.2791666666666667
1 0.434375 0.8625 0.05312499999999998 0.08333333333333337
2 0.54296875 0.6333333333333333 0.32656250000000003 0.4
