0 0.39296875 0.8010416666666667 0.1609375 0.2020833333333334
0 0.06796875 0.8729166666666667 0.1328125 0.2041666666666666
0 0.540625 0.31875 0.234375 0.16666666666666669
0 0.35859375 0.6020833333333333 0.1953125 0.16666666666666663
0 0.46562499999999996 0.14270833333333333 0.18749999999999994 0.18541666666666667
0 0.1828125 0.12083333333333333 0.16249999999999998 0.2125
0 0.5578125 0.6333333333333333 0.16562500000000002 0.22083333333333333
0 0.7078125 0.5625 0.18125000000000002 0.20833333333333331
0 0.74609375 0.740625 0.1890624999999999 0.21458333333333335
0 0.90234375 0.3302083333333333 0.1734374999999999 0.23125000000000004
0 0.89140625 0.5010416666666667 0.14218750000000002 0.23125
0 0.5921875 0.9260416666666667 0.15625 0.1479166666666667
1 0.8374999999999999 0.8864583333333333 0.07187500000000002 0.0854166666666667
1 0.97734375 0.6541666666666667 0.04531249999999998 0.0625
2 0.13203125 0.396875 0.2609375 0.41041666666666665
1 0.034375 0.057291666666666664 0.05625 0.06041666666666666
