0 0.66640625 0.13333333333333333 0.1640625 0.2
0 0.83046875 0.14583333333333331 0.1640625 0.19999999999999998
0 0.67734375 0.4 0.1640625 0.2
0 0.42265625 0.803125 0.17656250000000007 0.21875
0 0.31015625 0.6 0.1859375 0.25416666666666665
0 0.28828125 0.22499999999999998 0.1484375 0.20833333333333331
0 0.7789062499999999 0.8375 0.18593749999999998 0.25416666666666665
0 0.684375 0.9291666666666667 0.15937499999999993 0.13749999999999996
0 0.88984375 0.5416666666666666 0.18593749999999998 0.16666666666666669
0 0.11171874999999999 0.18854166666666666 0.1828125 0.26458333333333334
0 0.4265625 0.08645833333333335 0.140625 0.16875
0 0.32343750000000004 0.765625 0.184375 0.18958333333333344
0 0.609375 0.7864583333333333 0.16874999999999996 0.23541666666666672
2 0.44687499999999997 0.39583333333333337 0.31875 0.4375
