0 0.44609375 0.5916666666666667 0.17656250000000007 0.19166666666666665
0 0.328125 0.4197916666666667 0.18125000000000002 0.23125
0 0.325 0.415625 0.18125000000000002 0.23125
0 0.19453125 0.5177083333333333 0.17031249999999998 0.21458333333333335
0 0.08593750000000001 0.08645833333333335 0.15000000000000002 0.16875
0 0.8140624999999999 0.15520833333333334 0.16249999999999998 0.19374999999999998
0 0.8515625 0.38958333333333334 0.15937500000000004 0.20833333333333337
0 0.10781249999999999 0.7291666666666666 0.13124999999999998 0.1875
0 0.1359375 0.3125 0.13125 0.1875
0 0.11562499999999999 0.4916666666666667 0.13124999999999998 0.18750000000000006
0 0.58125 0.6552083333333333 0.10312500000000002 0.21875
0 0.646875 0.21354166666666663 0.14375000000000004 0.18124999999999997
0 0.72734375 0.38125 0.15781250000000002 0.17916666666666664
0 0.61640625 0.928125 0.15781250000000002 0.1395833333333334
0 0.2953125 0.6229166666666667 0.14062499999999997 0.2041666666666666
2 0.771875 0.6864583333333334 0.30000000000000004 0.4229166666666667
1 0.5101562500000001 0.8375 0.06406250000000002 0.07916666666666661
