0 0.246875 0.4197916666666667 0.146875 0.21875
0 0.8414062499999999 0.27708333333333335 0.17031249999999998 0.22083333333333335
0 0.65546875 0.3375 0.17031249999999998 0.22083333333333335
0 0.74140625 0.7489583333333334 0.16718749999999993 0.24375000000000002
0 0.4671875 0.7625 0.15312499999999996 0.22083333333333333
0 0.32343750000000004 0.7708333333333333 0.153125 0.22083333333333333
0 0.58203125 0.19270833333333331 0.16093749999999996 0.22291666666666665
0 0.1328125 0.24270833333333336 0.175 0.21875000000000003
0 0.6031249999999999 0.6260416666666667 0.19687500000000002 0.21875
0 0.8796875 0.8770833333333334 0.15312500000000007 0.22083333333333333
2 0.37187499999999996 0.12291666666666667 0.20625 0.24166666666666667
