0 0.70078125 0.2333333333333333 0.15156250000000004 0.2666666666666666
0 0.89140625 0.5010416666666667 0.15781250000000002 0.21875000000000006
0 0.81796875 0.09270833333333334 0.16718750000000004 0.18125
0 0.3015625 0.47291666666666665 0.16874999999999998 0.19999999999999996
0 0.38828125 0.84375 0.17031250000000003 0.23750000000000004
0 0.6171875 0.85 0.15937500000000004 0.19166666666666665
0 0.29375 0.6625 0.16874999999999998 0.19999999999999996
0 0.24296875 0.8770833333333333 0.17343750000000002 0.2416666666666667
0 0.48046875 0.31875 0.17343749999999997 0.15416666666666665
0 0.41640625 0.12083333333333335 0.1015625 0.23750000000000002
0 0.871875 0.2604166666666667 0.14374999999999993 0.18750000000000003
0 0.78046875 0.83125 0.1484375 0.20416666666666672
0 0.07265624999999999 0.6114583333333333 0.1421875 0.21875
2 0.48515624999999996 0.596875 0.3390625 0.4395833333333333
