0 0.4078125 0.815625 0.16250000000000003 0.18541666666666667
0 0.5390625 0.68125 0.1875 0.2041666666666666
0 0.25078125 0.6854166666666667 0.1703125 0.25
0 0.23984375 0.46458333333333335 0.15781249999999997 0.22083333333333327
0 0.15781250000000002 0.26979166666666665 0.153125 0.21458333333333332
0 0.8640625 0.7385416666666667 0.15312500000000007 0.21458333333333335
0 0.7109375 0.43437499999999996 0.1625000000000001 0.2229166666666666
0 0.5445312499999999 0.4125 0.17031249999999998 0.22083333333333338
0 0.64921875 0.8604166666666666 0.17031249999999998 0.22083333333333333
0 0.12890625 0.6416666666666666 0.17031249999999998 0.22083333333333333
0 0.13828125 0.06562500000000002 0.1703125 0.12708333333333335
