0 0.60078125 0.11979166666666667 0.17031249999999998 0.17708333333333334
0 0.44765625000000003 0.15729166666666666 0.15781250000000002 0.23124999999999998
0 0.565625 0.58125 0.13437500000000002 0.2
0 0.84453125 0.42500000000000004 0.16718749999999993 0.2541666666666667
0 0.5046875 0.9239583333333333 0.13437500000000002 0.15208333333333335
0 0.396875 0.9239583333333333 0.13437499999999997 0.15208333333333335
0 0.93359375 0.7489583333333334 0.1328125 0.23125000000000007
0 0.7515625 0.6989583333333333 0.18437499999999996 0.21875
0 0.20546875000000003 0.08958333333333335 0.17031250000000003 0.17500000000000002
0 0.1265625 0.12187500000000001 0.140625 0.19375
2 0.334375 0.4083333333333333 0.190625 0.2583333333333333
1 0.96484375 0.26145833333333335 0.051562499999999956 0.08541666666666664
1 0.9828125 0.36354166666666665 0.034375000000000044 0.08541666666666664
1 0.86171875 0.8364583333333333 0.051562499999999956 0.0854166666666667
