0 0.12265625 0.7770833333333333 0.1828125 0.24583333333333335
0 0.53359375 0.253125 0.1484375 0.21458333333333332
0 0.35859375000000004 0.13541666666666666 0.1921875 0.19583333333333333
0 0.67421875 0.21041666666666667 0.16718750000000004 0.2
0 0.64140625 0.8979166666666667 0.16718749999999993 0.19999999999999996
0 0.68984375 0.5458333333333334 0.16718750000000004 0.2
0 0.68203125 0.4458333333333333 0.16718750000000004 0.19999999999999996
0 0.8726562499999999 0.271875 0.17031249999999998 0.26875
0 0.2421875 0.16875 0.14687499999999998 0.22083333333333333
0 0.35625 0.825 0.14687499999999998 0.22083333333333333
0 0.76953125 0.7541666666666667 0.1796875 0.21666666666666667
1 0.56953125 0.684375 0.05781249999999993 0.06458333333333333
1 0.503125 0.80625 0.05625000000000002 0.07916666666666661
1 0.1421875 0.23229166666666667 0.06562499999999999 0.0854166666666667
2 0.27031249999999996 0.50625 0.35624999999999996 0.48333333333333334
