0 0.74921875 0.49375 0.18281249999999993 0.21666666666666662
0 0.32421875 0.5395833333333333 0.18281250000000002 0.21666666666666667
0 0.19921875 0.38958333333333334 0.12968749999999998 0.18333333333333335
0 0.23984375 0.16041666666666665 0.17343749999999997 0.25
0 0.08437499999999999 0.11458333333333334 0.165625 0.225
0 0.10546875 0.6375 0.1796875 0.23333333333333328
0 0.090625 0.8822916666666667 0.178125 0.23541666666666672
0 0.278125 0.778125 0.15312499999999998 0.20624999999999993
0 0.54453125 0.5479166666666666 0.18281250000000004 0.21666666666666667
0 0.84921875 0.10937500000000001 0.18281250000000004 0.21458333333333335
0 0.6640625 0.08333333333333334 0.1781250000000001 0.1625
0 0.7609375 0.8 0.15937499999999993 0.21666666666666667
0 0.94296875 0.7322916666666667 0.11406249999999996 0.21875
0 0.51171875 0.33541666666666664 0.1953125 0.24583333333333332
2 0.51640625 0.815625 0.35156249999999994 0.36875
1 0.33671875 0.23541666666666666 0.09218749999999998 0.11666666666666667
1 0.36250000000000004 0.057291666666666664 0.08124999999999999 0.11041666666666666
1 0.021875000000000002 0.7520833333333333 0.040625 0.07916666666666661
