1 0.7007812499999999 0.4427083333333333 0.09218749999999998 0.09791666666666665
2 0.64609375 0.8447916666666666 0.19218749999999996 0.17291666666666672
0 0.43671875 0.3177083333333333 0.16718749999999993 0.22291666666666665
0 0.71484375 0.16354166666666667 0.16718750000000004 0.22291666666666668
0 0.88203125 0.190625 0.16718749999999993 0.22291666666666665
0 0.79765625 0.540625 0.16718749999999993 0.2229166666666667
0 0.83046875 0.8822916666666667 0.16718750000000004 0.22291666666666665
0 0.53203125 0.6072916666666667 0.1671875 0.22291666666666665
1 0.6078125000000001 0.746875 0.05312499999999998 0.06458333333333333
0 0.14609375 0.6885416666666666 0.1671875 0.22291666666666676
0 0.0625 0.6833333333333333 0.12187500000000001 0.21250000000000002
0 0.20859375 0.45729166666666665 0.1671875 0.22291666666666665
0 0.30703125 0.621875 0.1671875 0.22291666666666665
0 0.30859375 0.8739583333333334 0.16718750000000002 0.22291666666666676
0 0.30546874999999996 0.8697916666666666 0.1671875 0.22291666666666665
0 0.25390625 0.19687500000000002 0.16718750000000002 0.22291666666666668
0 0.80234375 0.234375 0.16718750000000004 0.22291666666666665
0 0.9453125 0.6385416666666667 0.109375 0.2104166666666667
0 0.1796875 0.8989583333333333 0.16874999999999998 0.20208333333333328
0 0.08359375 0.378125 0.1640625 0.22291666666666665
0 0.14765625 0.1 0.1703125 0.19583333333333333
0 0.34296875 0.1 0.17031249999999998 0.19583333333333333
1 0.15234375 0.30104166666666665 0.0546875 0.06874999999999998
