0 0.740625 0.22291666666666665 0.16874999999999996 0.20416666666666666
0 0.8078125 0.35416666666666663 0.16875000000000007 0.20416666666666666
0 0.5023437500000001 0.07500000000000001 0.17343750000000002 0.14583333333333334
0 0.54296875 0.16354166666666664 0.17343749999999997 0.14791666666666664
0 0.8015625 0.828125 0.16875000000000007 0.1937500000000001
0 0.10312500000000001 0.5333333333333333 0.16875 0.20833333333333331
0 0.2875 0.26041666666666663 0.16875 0.20833333333333331
0 0.871875 0.578125 0.16249999999999998 0.23124999999999996
0 0.08437499999999999 0.16458333333333336 0.165625 0.2833333333333334
2 0.434375 0.7447916666666666 0.3375 0.3979166666666667
1 0.48515625 0.31562500000000004 0.06093749999999998 0.08124999999999999
1 0.63984375 0.41770833333333335 0.06093749999999998 0.08124999999999999
