2 0.59765625 0.09687500000000002 0.22031249999999997 0.18958333333333335
1 0.11406250000000001 0.5395833333333333 0.08125 0.09166666666666667
0 0.63515625 0.41874999999999996 0.20781249999999996 0.24166666666666664
0 0.47109375 0.3770833333333333 0.17656249999999996 0.21666666666666667
0 0.46484375 0.16875 0.17656249999999996 0.21666666666666667
0 0.30390625000000004 0.7208333333333334 0.1765625 0.21666666666666667
0 0.18359375 0.7604166666666667 0.17656249999999998 0.21666666666666667
0 0.32734375 0.9072916666666666 0.1640625 0.18541666666666667
0 0.41640625 0.934375 0.1515625 0.13124999999999998
0 0.0859375 0.934375 0.16875 0.13124999999999998
0 0.8828125 0.28229166666666666 0.13749999999999996 0.18958333333333333
0 0.8171875 0.321875 0.13750000000000007 0.18958333333333335
0 0.7921875 0.453125 0.13750000000000007 0.18958333333333338
0 0.8484375 0.48854166666666665 0.13750000000000007 0.18958333333333338
0 0.8796875 0.5302083333333334 0.13750000000000007 0.18958333333333333
0 0.915625 0.6 0.16874999999999996 0.2041666666666666
0 0.865625 0.9145833333333333 0.21562499999999996 0.17083333333333328
0 0.24921875 0.14791666666666667 0.16718750000000002 0.20416666666666666
0 0.0671875 0.2833333333333333 0.13125 0.22083333333333333
0 0.09296875 0.09583333333333334 0.1640625 0.1875
0 0.42343749999999997 0.6947916666666667 0.17812499999999998 0.20625000000000004
0 0.58828125 0.7072916666666667 0.12031250000000004 0.18125000000000002
0 0.58203125 0.8177083333333333 0.12031250000000004 0.18125000000000002
0 0.5046875 0.903125 0.16875000000000007 0.19374999999999998
