0 0.84453125 0.8635416666666667 0.18906250000000002 0.23958333333333326
0 0.67265625 0.540625 0.18906250000000002 0.23958333333333331
0 0.6578125 0.34375 0.140625 0.17083333333333328
0 0.1671875 0.4520833333333333 0.1 0.2375
0 0.20859375 0.6302083333333333 0.1515625 0.18541666666666667
0 0.17890625 0.08333333333333334 0.1328125 0.1625
0 0.41953125 0.13229166666666667 0.1484375 0.18541666666666667
0 0.51171875 0.21041666666666664 0.1953125 0.20833333333333331
0 0.7875 0.25 0.140625 0.1708333333333333
0 0.521875 0.7385416666666667 0.253125 0.1395833333333334
0 0.45390625 0.7822916666666666 0.15781250000000002 0.19374999999999998
1 0.05390625 0.4520833333333333 0.057812499999999996 0.07916666666666666
1 0.22421875000000002 0.24895833333333334 0.07031250000000003 0.09791666666666665
1 0.7054687500000001 0.871875 0.09531250000000002 0.11041666666666672
2 0.37421874999999993 0.42604166666666665 0.30781249999999993 0.4479166666666667
