0 0.27109375 0.18229166666666669 0.17343749999999997 0.26458333333333334
0 0.72578125 0.4166666666666667 0.14531250000000007 0.20833333333333337
0 0.55625 0.08333333333333334 0.16562499999999997 0.1625
0 0.528125 0.38958333333333334 0.16875000000000007 0.22083333333333333
0 0.14218750000000002 0.4854166666666667 0.16875 0.1916666666666667
0 0.31328125 0.5864583333333333 0.17343750000000002 0.16041666666666665
0 0.321875 0.3822916666666667 0.15625000000000003 0.18958333333333338
0 0.8578125 0.5947916666666667 0.15312499999999996 0.23541666666666666
0 0.07734375 0.2635416666666667 0.15156250000000002 0.23541666666666664
0 0.61640625 0.17916666666666667 0.1953125 0.2375
0 0.58203125 0.9229166666666666 0.20468749999999997 0.15000000000000002
2 0.603125 0.6625 0.31562500000000004 0.42083333333333334
