2 0.31796875 0.5729166666666666 0.2703125 0.3541666666666667
1 0.171875 0.421875 0.06562499999999999 0.07708333333333328
1 0.134375 0.4614583333333333 0.06562499999999999 0.07708333333333334
1 0.55078125 0.03229166666666667 0.06093750000000009 0.06041666666666667
0 0.21953125 0.8500000000000001 0.19218749999999998 0.21250000000000002
0 0.87109375 0.11979166666666667 0.1953125 0.23541666666666666
0 0.64765625 0.8229166666666667 0.19218750000000007 0.2833333333333333
0 0.7921875 0.7416666666666667 0.18125000000000002 0.15416666666666667
0 0.5421875 0.3104166666666667 0.17499999999999993 0.1875
0 0.4171875 0.2520833333333333 0.17499999999999993 0.1875
0 0.41093749999999996 0.8229166666666666 0.175 0.1875
0 0.48750000000000004 0.7302083333333333 0.184375 0.21875
0 0.92578125 0.8833333333333333 0.14531249999999996 0.23333333333333328
0 0.85859375 0.5729166666666667 0.2109375 0.21666666666666667
0 0.8765624999999999 0.4229166666666666 0.18125000000000002 0.17916666666666664
0 0.6734374999999999 0.3927083333333333 0.18125000000000002 0.19374999999999998
0 0.26796875 0.3510416666666667 0.1984375 0.19791666666666669
0 0.12421875000000002 0.221875 0.19843750000000002 0.19791666666666669
