0 0.6 0.259375 0.140625 0.17291666666666666
0 0.51328125 0.17812499999999998 0.14218749999999997 0.18125
0 0.521875 0.4875 0.15312499999999996 0.22083333333333333
0 0.36875 0.5489583333333333 0.153125 0.19375000000000003
0 0.7132812500000001 0.4677083333333334 0.17343750000000002 0.22708333333333336
0 0.86328125 0.578125 0.17656249999999996 0.24374999999999997
0 0.7640625 0.6625 0.15937500000000004 0.23750000000000004
0 0.9078125 0.32499999999999996 0.15937500000000004 0.2375
0 0.1765625 0.5708333333333333 0.159375 0.2375
0 0.060937500000000006 0.4375 0.11875000000000001 0.23333333333333334
0 0.3375 0.32291666666666663 0.175 0.23333333333333334
0 0.61953125 0.06145833333333333 0.1640625 0.11875
0 0.78828125 0.06145833333333333 0.1640625 0.11875
0 0.36015625 0.946875 0.14218750000000002 0.10624999999999996
2 0.53359375 0.775 0.29531250000000003 0.3208333333333333
1 0.0203125 0.128125 0.0375 0.08541666666666667
