0 0.34609375 0.50625 0.1515625 0.2041666666666666
0 0.63671875 0.5479166666666667 0.15156250000000004 0.20416666666666666
0 0.72421875 0.58125 0.15156250000000004 0.20416666666666666
0 0.6539062499999999 0.8166666666666667 0.17031249999999998 0.2333333333333334
0 0.46015625 0.66875 0.17031249999999998 0.23333333333333328
0 0.3296875 0.8677083333333333 0.1625 0.20208333333333328
0 0.1703125 0.9208333333333334 0.184375 0.14583333333333337
0 0.290625 0.16875 0.19687499999999997 0.275
0 0.07656249999999999 0.69375 0.15 0.2041666666666666
0 0.87578125 0.45 0.15156249999999993 0.20416666666666672
0 0.571875 0.9125 0.13749999999999996 0.17500000000000004
0 0.16249999999999998 0.56875 0.16249999999999998 0.17916666666666664
0 0.09765625 0.3614583333333333 0.1671875 0.19374999999999998
0 0.13359375 0.07604166666666667 0.1671875 0.14791666666666667
2 0.48046875 0.29166666666666663 0.26093750000000004 0.27499999999999997
