0 0.23046875 0.5177083333333333 0.15468749999999998 0.18958333333333338
0 0.34609375 0.478125 0.15468750000000003 0.18958333333333327
0 0.83515625 0.7197916666666666 0.15468749999999998 0.20624999999999993
0 0.9117187499999999 0.390625 0.15468749999999998 0.20625000000000004
0 0.7890625 0.8947916666666667 0.1812499999999999 0.2020833333333334
0 0.5843750000000001 0.3052083333333333 0.18125000000000002 0.20208333333333334
0 0.94296875 0.8333333333333333 0.11406249999999996 0.26250000000000007
2 0.31328124999999996 0.7864583333333333 0.38281249999999994 0.42708333333333337
1 0.5414062500000001 0.4197916666666667 0.06406250000000002 0.06458333333333333
1 0.55703125 0.48541666666666666 0.0546875 0.08333333333333337
1 0.60625 0.47812499999999997 0.05625000000000002 0.07291666666666663
1 0.4515625 0.6479166666666667 0.0625 0.0708333333333333
