0 0.559375 0.5864583333333333 0.159375 0.19375000000000003
0 0.603125 0.375 0.17500000000000004 0.1958333333333333
0 0.3859375 0.4270833333333333 0.171875 0.22916666666666663
0 0.484375 0.09791666666666668 0.17500000000000004 0.19166666666666668
0 0.15000000000000002 0.13333333333333333 0.1375 0.2
0 0.12734374999999998 0.621875 0.17031249999999998 0.18958333333333333
0 0.6070312499999999 0.215625 0.17031249999999998 0.18958333333333333
0 0.47734374999999996 0.765625 0.1671875 0.2104166666666667
0 0.38515625 0.684375 0.1453125 0.26041666666666663
0 0.83359375 0.4197916666666667 0.17656249999999996 0.15208333333333335
0 0.7765625 0.346875 0.16562500000000002 0.15625
2 0.73984375 0.8854166666666667 0.22968750000000004 0.22916666666666663
