0 0.57109375 0.6291666666666667 0.1828125 0.22916666666666674
0 0.728125 0.21041666666666664 0.203125 0.2375
0 0.34453124999999996 0.22604166666666664 0.1828125 0.23958333333333331
0 0.17734375000000002 0.31875 0.17968750000000003 0.24999999999999997
0 0.16875 0.525 0.190625 0.2541666666666667
0 0.284375 0.7760416666666667 0.196875 0.19374999999999998
0 0.44999999999999996 0.4375 0.18749999999999994 0.23750000000000004
0 0.34062499999999996 0.5739583333333333 0.20625 0.2104166666666667
0 0.76171875 0.45729166666666665 0.16093749999999996 0.20625
0 0.56015625 0.07708333333333334 0.1953125 0.15
0 0.83671875 0.44479166666666664 0.13906249999999998 0.2645833333333333
2 0.55390625 0.8708333333333333 0.3609375 0.2583333333333333
