0 0.16796875 0.7479166666666666 0.17031249999999998 0.22083333333333333
0 0.05390625 0.546875 0.1046875 0.24791666666666662
0 0.33828125 0.34791666666666665 0.17031250000000003 0.22083333333333333
0 0.25859375 0.290625 0.17343750000000002 0.23958333333333331
0 0.309375 0.09375000000000001 0.146875 0.18333333333333335
0 0.453125 0.09375000000000001 0.14687500000000003 0.18333333333333335
0 0.8765624999999999 0.5302083333333333 0.16249999999999998 0.20208333333333334
0 0.8296874999999999 0.3197916666666667 0.16249999999999998 0.20208333333333334
0 0.66875 0.396875 0.16249999999999998 0.20208333333333334
0 0.4671875 0.596875 0.190625 0.2145833333333334
0 0.36484375 0.5489583333333333 0.1796875 0.21458333333333335
0 0.32343750000000004 0.8010416666666667 0.153125 0.26875000000000004
0 0.53515625 0.8239583333333333 0.11093749999999997 0.24791666666666667
0 0.59921875 0.16041666666666665 0.2109375 0.31666666666666665
2 0.703125 0.7270833333333333 0.3500000000000001 0.4208333333333333
