0 0.7921875 0.6187499999999999 0.18437500000000007 0.22083333333333333
0 0.44609374999999996 0.546875 0.14843749999999994 0.19791666666666669
0 0.0921875 0.7145833333333333 0.1375 0.26249999999999996
0 0.46249999999999997 0.246875 0.17812499999999998 0.2020833333333333
0 0.82578125 0.14479166666666665 0.19218749999999996 0.23541666666666666
0 0.728125 0.38125 0.16874999999999996 0.22083333333333333
0 0.60625 0.40729166666666666 0.18437500000000007 0.24375000000000002
0 0.64765625 0.9010416666666667 0.18593749999999998 0.19791666666666663
0 0.6109375 0.64375 0.15937500000000004 0.20833333333333337
0 0.35 0.38645833333333335 0.15625 0.19791666666666669
0 0.22968750000000002 0.21979166666666666 0.153125 0.24375000000000002
0 0.2296875 0.4510416666666667 0.140625 0.25208333333333327
0 0.3375 0.08125000000000002 0.171875 0.15833333333333335
2 0.30156249999999996 0.8083333333333333 0.35624999999999996 0.3833333333333333
1 0.8671875 0.2520833333333333 0.059374999999999956 0.07916666666666669
1 0.8203125 0.28645833333333337 0.05624999999999991 0.07291666666666669
