0 0.6640625 0.6895833333333333 0.1625000000000001 0.2250000000000001
0 0.39140625 0.684375 0.1953125 0.25625
0 0.53359375 0.43854166666666666 0.1953125 0.25625
0 0.32109375 0.07500000000000001 0.2015625 0.14583333333333334
0 0.190625 0.5854166666666667 0.15 0.18750000000000006
0 0.1359375 0.325 0.15 0.1875
0 0.3 0.7416666666666667 0.15 0.1875
0 0.7671874999999999 0.8520833333333333 0.15000000000000002 0.1875
1 0.56484375 0.5958333333333333 0.057812500000000044 0.06666666666666665
2 0.76875 0.20104166666666667 0.37812499999999993 0.3979166666666667
