0 0.8609374999999999 0.275 0.16249999999999998 0.22083333333333335
0 0.60625 0.30625 0.15000000000000002 0.19583333333333333
0 0.48750000000000004 0.6364583333333333 0.16875 0.2104166666666667
0 0.64140625 0.4739583333333333 0.17031249999999998 0.25625
0 0.19921875 0.6447916666666667 0.15468749999999998 0.18541666666666667
0 0.48125 0.46458333333333335 0.15000000000000002 0.1875
0 0.925 0.7989583333333334 0.15000000000000002 0.24791666666666667
0 0.85078125 0.48854166666666665 0.13906249999999998 0.1645833333333333
1 0.3359375 0.4989583333333333 0.07187500000000002 0.08124999999999999
2 0.32421875 0.246875 0.4140625 0.4479166666666667
