0 0.7375 0.46145833333333336 0.234375 0.23541666666666672
0 0.65234375 0.6916666666666667 0.2046874999999999 0.26249999999999996
0 0.53046875 0.890625 0.17343750000000002 0.21875
0 0.36953125 0.78125 0.1640625 0.24583333333333335
0 0.31015625 0.6 0.16406250000000003 0.2458333333333333
0 0.15781250000000002 0.7010416666666667 0.153125 0.2437499999999999
0 0.2640625 0.37604166666666666 0.215625 0.19791666666666663
0 0.39375 0.22083333333333333 0.15000000000000002 0.21250000000000002
0 0.7015625 0.175 0.171875 0.19166666666666665
0 0.78671875 0.928125 0.16718750000000004 0.14375000000000004
2 0.22578125 0.11875000000000001 0.3734375 0.23333333333333334
