0 0.6226562499999999 0.37604166666666666 0.17343750000000002 0.2104166666666667
0 0.60078125 0.6510416666666666 0.17343750000000002 0.2104166666666667
0 0.65703125 0.8427083333333334 0.17343750000000002 0.21041666666666659
0 0.31015625 0.26145833333333335 0.17343749999999997 0.21041666666666664
0 0.17578125 0.12187499999999998 0.12656250000000002 0.16874999999999998
0 0.30078125 0.6239583333333334 0.15781250000000002 0.20624999999999993
0 0.18359375 0.6677083333333333 0.15781250000000002 0.20625000000000004
0 0.28515625 0.8208333333333333 0.1640625 0.19166666666666665
0 0.81484375 0.26458333333333334 0.1640625 0.19166666666666665
0 0.7890625 0.634375 0.19062500000000004 0.2104166666666667
0 0.91796875 0.46458333333333335 0.1640625 0.25416666666666665
0 0.62578125 0.11041666666666666 0.1640625 0.19166666666666665
0 0.68828125 0.13333333333333333 0.1640625 0.19166666666666665
0 0.90859375 0.7770833333333333 0.1640625 0.19166666666666665
2 0.11562499999999999 0.390625 0.228125 0.44375000000000003
1 0.30156249999999996 0.47187500000000004 0.05937500000000001 0.09791666666666671
