0 0.09999999999999999 0.528125 0.175 0.18541666666666667
0 0.29765624999999996 0.7510416666666666 0.1671875 0.22291666666666676
0 0.153125 0.7 0.13125 0.29166666666666663
0 0.634375 0.64375 0.18437499999999996 0.21666666666666667
0 0.48671875 0.7697916666666667 0.17031250000000003 0.1729166666666666
0 0.45 0.509375 0.13750000000000007 0.2854166666666667
0 0.57265625 0.44895833333333335 0.1671875 0.22291666666666665
0 0.89765625 0.6447916666666667 0.18281249999999993 0.22291666666666665
0 0.90234375 0.32395833333333335 0.18281250000000004 0.22291666666666668
0 0.47421874999999997 0.9239583333333333 0.18593749999999998 0.15208333333333335
0 0.3 0.5208333333333334 0.19374999999999998 0.1791666666666667
0 0.17421875 0.253125 0.1921875 0.21875
0 0.7046875 0.534375 0.13749999999999996 0.17291666666666666
0 0.8125 0.06979166666666668 0.13749999999999996 0.13541666666666669
0 0.6421874999999999 0.86875 0.15000000000000002 0.26249999999999996
1 0.79765625 0.17083333333333334 0.07656249999999998 0.08333333333333331
2 0.47343749999999996 0.19479166666666667 0.34374999999999994 0.3854166666666667
