0 0.2296875 0.10625000000000001 0.19062500000000002 0.20833333333333334
0 0.2796875 0.271875 0.196875 0.26875
0 0.38671875 0.08020833333333334 0.1953125 0.15625
0 0.8703125 0.29583333333333334 0.15312500000000007 0.19999999999999998
0 0.0640625 0.7 0.121875 0.21250000000000002
0 0.9421875 0.7906249999999999 0.11562499999999998 0.17708333333333337
2 0.7890625 0.6135416666666667 0.26249999999999996 0.31875000000000003
0 0.41484375 0.5166666666666667 0.15468749999999998 0.2
0 0.45546875 0.5041666666666667 0.15468750000000003 0.19999999999999996
0 0.5289062499999999 0.50625 0.15468749999999998 0.19999999999999996
