0 0.82734375 0.8645833333333334 0.2109375 0.1958333333333333
0 0.6921875 0.325 0.20937499999999998 0.21666666666666667
0 0.4421875 0.5614583333333334 0.20000000000000007 0.18958333333333333
0 0.2703125 0.7041666666666666 0.15312499999999998 0.21666666666666667
0 0.18984374999999998 0.9083333333333333 0.16406249999999997 0.1791666666666667
0 0.4265625 0.78125 0.16875000000000007 0.20833333333333326
0 0.55390625 0.7291666666666666 0.1921875 0.24583333333333335
0 0.65 0.5270833333333333 0.16874999999999996 0.20833333333333331
0 0.1296875 0.12083333333333335 0.15 0.23750000000000002
0 0.7984375 0.5114583333333333 0.15625 0.2104166666666667
0 0.66875 0.10520833333333335 0.16875000000000007 0.20625000000000002
0 0.06015625 0.3666666666666667 0.1171875 0.275
2 0.36875 0.2635416666666667 0.371875 0.45208333333333334
