0 0.14453125 0.8916666666666666 0.1796875 0.21250000000000002
0 0.81328125 0.35416666666666663 0.1796875 0.21249999999999997
0 0.51640625 0.3385416666666667 0.10468749999999999 0.15208333333333335
0 0.15703125 0.7 0.1359375 0.17916666666666659
0 0.12109375 0.30416666666666664 0.1359375 0.17916666666666667
0 0.55859375 0.08958333333333335 0.13593750000000004 0.17500000000000002
0 0.62109375 0.89375 0.13593750000000004 0.17916666666666659
2 0.578125 0.596875 0.31875000000000003 0.38125
1 0.24765625 0.13854166666666667 0.05156250000000001 0.056249999999999994
0 0.34296875000000004 0.678125 0.1921875 0.21875
