0 0.2609375 0.5114583333333333 0.18125 0.20625000000000004
0 0.35390625 0.7250000000000001 0.15781249999999997 0.21666666666666667
0 0.253125 0.7375 0.14375000000000002 0.1875
0 0.38203125 0.11354166666666668 0.1796875 0.22291666666666668
0 0.784375 0.8374999999999999 0.15937499999999993 0.21666666666666667
0 0.79609375 0.4760416666666667 0.16718749999999993 0.23125
0 0.76875 0.575 0.16562500000000002 0.21250000000000002
0 0.49375 0.3677083333333333 0.171875 0.19791666666666669
0 0.9375 0.27291666666666664 0.125 0.24583333333333332
0 0.9195312499999999 0.07291666666666667 0.15781250000000002 0.14166666666666666
0 0.78203125 0.07291666666666667 0.15781250000000002 0.14166666666666666
0 0.58984375 0.09687500000000002 0.1578124999999999 0.18958333333333335
0 0.73515625 0.234375 0.15468749999999998 0.2020833333333333
0 0.43359375 0.328125 0.15468750000000003 0.2020833333333333
0 0.18984375000000003 0.19479166666666667 0.15468750000000003 0.20208333333333334
0 0.11015625000000001 0.6260416666666666 0.16718750000000002 0.23125000000000007
0 0.47734375 0.5604166666666667 0.15781250000000002 0.14999999999999997
0 0.93125 0.59375 0.13749999999999996 0.21666666666666662
2 0.62109375 0.78125 0.24531250000000004 0.32499999999999996
