0 0.88203125 0.45416666666666666 0.14531250000000007 0.20833333333333337
0 0.76328125 0.296875 0.1953125 0.23124999999999998
0 0.8695312500000001 0.7385416666666667 0.17031249999999998 0.2354166666666666
0 0.48515625 0.6270833333333333 0.18906250000000002 0.2333333333333334
0 0.17812499999999998 0.33229166666666665 0.175 0.23125
0 0.6890624999999999 0.6520833333333333 0.19687500000000002 0.22916666666666674
0 0.428125 0.3572916666666667 0.14375 0.18958333333333333
0 0.3359375 0.259375 0.14375000000000004 0.18958333333333335
0 0.07421875000000001 0.08750000000000001 0.14218750000000002 0.17083333333333334
0 0.10703125 0.5645833333333333 0.1640625 0.175
0 0.09531250000000001 0.65625 0.16875 0.21666666666666656
0 0.62890625 0.4302083333333333 0.16718750000000004 0.33125
0 0.78203125 0.08125000000000002 0.1953125 0.15833333333333335
0 0.41953125 0.23020833333333335 0.1296875 0.16458333333333333
1 0.67890625 0.8635416666666667 0.06718750000000007 0.07708333333333339
1 0.55546875 0.47708333333333336 0.06718750000000007 0.07916666666666672
1 0.30703125 0.40208333333333335 0.05156250000000001 0.09999999999999998
1 0.15625 0.06875 0.06874999999999999 0.075
2 0.3 0.8052083333333333 0.35625 0.3895833333333333
