0 0.5843750000000001 0.596875 0.15000000000000002 0.2145833333333334
0 0.3453125 0.6739583333333333 0.14999999999999997 0.21458333333333335
0 0.4234375 0.6760416666666667 0.14999999999999997 0.21458333333333335
0 0.45625 0.8552083333333333 0.16249999999999998 0.20625000000000004
0 0.2078125 0.803125 0.1625 0.20625000000000004
0 0.08125 0.8197916666666667 0.15937500000000002 0.20625000000000004
0 0.6203125 0.9145833333333333 0.15000000000000002 0.17083333333333328
0 0.6781250000000001 0.8895833333333334 0.15000000000000002 0.17083333333333328
0 0.715625 0.8354166666666667 0.15000000000000002 0.17083333333333328
0 0.7796875000000001 0.7916666666666667 0.15000000000000002 0.17083333333333328
0 0.8171875 0.75 0.15000000000000002 0.1708333333333334
0 0.8484375 0.71875 0.15000000000000002 0.1708333333333334
0 0.7578125 0.5041666666666667 0.1499999999999999 0.17083333333333334
0 0.809375 0.5208333333333333 0.15000000000000002 0.17083333333333328
0 0.8656250000000001 0.5479166666666666 0.15000000000000002 0.17083333333333328
0 0.68671875 0.29583333333333334 0.15468749999999998 0.21666666666666667
0 0.078125 0.33541666666666664 0.153125 0.21666666666666665
0 0.203125 0.2520833333333333 0.15625 0.21666666666666667
0 0.35390625 0.2989583333333333 0.1328125 0.16875000000000004
0 0.60234375 0.11145833333333334 0.1328125 0.16875
0 0.93359375 0.37395833333333334 0.1328125 0.16874999999999996
2 0.878125 0.171875 0.22187499999999993 0.25625
0 0.434375 0.48854166666666665 0.15000000000000002 0.21458333333333335
0 0.328125 0.19270833333333331 0.15000000000000002 0.21458333333333332
1 0.29453125 0.05625 0.04843749999999997 0.058333333333333334
