0 0.36328125 0.7614583333333333 0.19843750000000004 0.1645833333333333
0 0.43515625 0.503125 0.1953125 0.22708333333333336
0 0.2125 0.35 0.13437499999999997 0.16666666666666669
0 0.234375 0.6322916666666667 0.140625 0.24375000000000002
0 0.08828125 0.43854166666666666 0.1609375 0.20208333333333328
0 0.09453125 0.6197916666666667 0.1796875 0.18958333333333333
0 0.55703125 0.5635416666666666 0.1796875 0.18958333333333333
0 0.6812499999999999 0.5802083333333333 0.19374999999999998 0.20625
0 0.34375 0.9322916666666667 0.1875 0.13541666666666663
1 0.73203125 0.86875 0.0546875 0.0708333333333333
1 0.6351562500000001 0.9520833333333334 0.07968750000000002 0.07083333333333341
1 0.875 0.8291666666666666 0.08125000000000004 0.11666666666666659
1 0.7640625 0.9395833333333334 0.08125000000000004 0.09583333333333333
1 0.67890625 0.16145833333333334 0.07968750000000002 0.07708333333333335
1 0.13515624999999998 0.1875 0.048437499999999994 0.05833333333333335
2 0.11171874999999999 0.8447916666666666 0.2046875 0.3104166666666667
