2 0.69765625 0.5625 0.30156249999999996 0.37083333333333335
2 0.6 0.865625 0.23124999999999996 0.26875000000000004
1 0.8484375 0.740625 0.05937500000000007 0.08958333333333335
1 0.1109375 0.221875 0.059375 0.08958333333333332
0 0.30156249999999996 0.41666666666666663 0.20625 0.2916666666666667
0 0.2359375 0.7427083333333333 0.16875 0.24375000000000002
0 0.08437499999999999 0.8218749999999999 0.165625 0.24375000000000002
0 0.184375 0.9239583333333333 0.175 0.15208333333333335
0 0.875 0.10312500000000001 0.1312500000000001 0.20208333333333334
0 0.8218749999999999 0.15104166666666669 0.13124999999999998 0.23125
0 0.77265625 0.18645833333333334 0.1328125 0.23124999999999998
0 0.70546875 0.22812500000000002 0.1328125 0.23125
0 0.62578125 0.290625 0.1328125 0.23125
0 0.93359375 0.703125 0.1328125 0.23124999999999996
0 0.94609375 0.85 0.10781249999999998 0.2333333333333334
0 0.21640625 0.15729166666666666 0.11406250000000001 0.21875
0 0.28828125000000004 0.15416666666666667 0.1296875 0.21666666666666667
0 0.5078125 0.14270833333333333 0.14687500000000003 0.21875
0 0.41171875 0.7125 0.1765625 0.24583333333333335
