0 0.44296874999999997 0.12916666666666665 0.17031249999999998 0.22916666666666666
0 0.48906249999999996 0.58125 0.17187499999999994 0.22499999999999998
0 0.20625 0.5833333333333333 0.171875 0.22499999999999998
0 0.25 0.2916666666666667 0.22499999999999998 0.3416666666666667
0 0.8335937499999999 0.753125 0.20156249999999998 0.24375000000000002
0 0.715625 0.6802083333333333 0.17812499999999998 0.22291666666666665
0 0.334375 0.7666666666666666 0.17187499999999997 0.22499999999999998
0 0.8359375 0.5864583333333333 0.1781250000000001 0.22291666666666665
0 0.103125 0.7625 0.171875 0.22499999999999998
2 0.55390625 0.8677083333333333 0.2671875 0.2645833333333333
1 0.3140625 0.471875 0.06875000000000003 0.07708333333333328
1 0.2125 0.03645833333333333 0.06562499999999999 0.06874999999999999
