0 0.18203124999999998 0.4197916666666667 0.1515625 0.19791666666666669
0 0.05234375 0.421875 0.1015625 0.23958333333333331
0 0.42265624999999996 0.44791666666666663 0.1984375 0.22916666666666669
0 0.76171875 0.8166666666666667 0.1640625 0.1875
0 0.9171875 0.8541666666666667 0.16249999999999998 0.22499999999999998
0 0.778125 0.5729166666666666 0.16249999999999998 0.22500000000000003
0 0.89765625 0.31354166666666666 0.20468750000000002 0.2354166666666667
0 0.79375 0.11875000000000001 0.16249999999999998 0.225
0 0.6343749999999999 0.4125 0.16249999999999998 0.22500000000000003
0 0.34843749999999996 0.8041666666666667 0.16875 0.2875
0 0.1796875 0.7375 0.15937500000000002 0.21666666666666667
0 0.1953125 0.525 0.15937500000000002 0.21666666666666662
0 0.2796875 0.13229166666666667 0.11875 0.18958333333333333
0 0.56640625 0.19583333333333336 0.14531249999999996 0.19583333333333336
0 0.64140625 0.059375 0.17031249999999998 0.11458333333333333
0 0.12734375 0.23333333333333334 0.1453125 0.19583333333333333
0 0.19296875000000002 0.86875 0.17968750000000003 0.19166666666666665
2 0.55390625 0.8666666666666667 0.33593750000000006 0.2666666666666667
