0 0.875 0.1947916666666667 0.1781250000000001 0.22708333333333336
0 0.5874999999999999 0.23020833333333335 0.17812499999999998 0.22708333333333333
0 0.17031250000000003 0.390625 0.17812500000000003 0.2270833333333333
0 0.29375 0.7697916666666667 0.178125 0.2270833333333333
0 0.403125 0.5052083333333334 0.17812499999999998 0.22708333333333336
0 0.453125 0.371875 0.17812500000000003 0.2270833333333333
0 0.27890625 0.20625 0.15781249999999997 0.22499999999999998
0 0.4734375 0.9 0.16249999999999998 0.1958333333333333
0 0.8 0.38958333333333334 0.16249999999999998 0.1958333333333333
0 0.92421875 0.44270833333333337 0.15156250000000004 0.22708333333333336
2 0.68671875 0.690625 0.38281250000000006 0.45624999999999993
