0 0.10078125 0.5083333333333333 0.1390625 0.21666666666666667
0 0.5757812499999999 0.675 0.17031249999999998 0.19583333333333341
0 0.83359375 0.5052083333333333 0.17656249999999996 0.19374999999999998
0 0.85078125 0.740625 0.17656250000000007 0.21875
0 0.67734375 0.28020833333333334 0.17656249999999996 0.21875
0 0.24921875 0.21250000000000002 0.1484375 0.19166666666666668
0 0.33046875 0.9041666666666667 0.1484375 0.19166666666666665
0 0.69453125 0.8583333333333334 0.1484375 0.19166666666666676
0 0.43828124999999996 0.12708333333333333 0.14843749999999994 0.19166666666666668
0 0.5835937499999999 0.6166666666666667 0.17031249999999998 0.1958333333333333
0 0.13359375 0.5333333333333333 0.1390625 0.21666666666666673
2 0.3828125 0.5145833333333334 0.39687500000000003 0.4416666666666667
1 0.22421875000000002 0.7947916666666667 0.07031250000000003 0.09375
