2 0.28359375 0.684375 0.2828125 0.30625
1 0.75 0.21041666666666667 0.05624999999999991 0.07500000000000001
1 0.71171875 0.084375 0.08281250000000007 0.10208333333333333
1 0.2859375 0.9354166666666667 0.05625000000000002 0.07499999999999996
0 0.8960937499999999 0.665625 0.18593749999999998 0.21875
0 0.41953124999999997 0.4239583333333333 0.18593749999999998 0.21875
0 0.47890625 0.3572916666666667 0.18593750000000003 0.21875
0 0.57734375 0.390625 0.18593749999999998 0.21875
0 0.64921875 0.3802083333333333 0.18593749999999998 0.21875
0 0.7164062499999999 0.428125 0.18593749999999998 0.21875
0 0.7757812500000001 0.4447916666666667 0.18593749999999998 0.21875000000000006
0 0.88359375 0.39479166666666665 0.18593749999999998 0.21875
0 0.26953125 0.11041666666666668 0.18593749999999998 0.21666666666666667
0 0.43203125 0.11041666666666668 0.18593750000000003 0.21666666666666667
0 0.54921875 0.16562500000000002 0.18593750000000003 0.21875000000000003
0 0.07890625 0.5145833333333334 0.1546875 0.27083333333333337
0 0.653125 0.9145833333333333 0.1875 0.17083333333333328
