0 0.47734375 0.825 0.17031249999999998 0.22916666666666663
0 0.5874999999999999 0.9239583333333333 0.17812499999999998 0.1479166666666667
0 0.7210937500000001 0.7958333333333334 0.17031249999999998 0.22916666666666663
0 0.7109375 0.58125 0.1312500000000001 0.18750000000000006
0 0.58203125 0.6291666666666667 0.17031250000000003 0.22916666666666674
0 0.40234375 0.2916666666666667 0.17031249999999998 0.22916666666666666
0 0.3265625 0.33125 0.165625 0.21666666666666665
0 0.51953125 0.07395833333333335 0.16093749999999996 0.14375000000000002
0 0.6929687499999999 0.3041666666666667 0.17031249999999998 0.22916666666666669
0 0.7749999999999999 0.08541666666666668 0.16562500000000002 0.16666666666666669
0 0.14375000000000002 0.36250000000000004 0.19062500000000002 0.2
0 0.25546875 0.14895833333333333 0.17968750000000003 0.22291666666666668
2 0.23984374999999997 0.659375 0.25156249999999997 0.3104166666666667
