0 0.1171875 0.5583333333333333 0.153125 0.21249999999999997
0 0.28125 0.575 0.15312499999999998 0.21250000000000002
0 0.1765625 0.3458333333333333 0.15312499999999998 0.2125
0 0.06484374999999999 0.33958333333333335 0.1265625 0.20833333333333331
0 0.48828125 0.4625 0.1484375 0.20416666666666666
0 0.3578125 0.3677083333333333 0.19687499999999997 0.18958333333333338
0 0.30781250000000004 0.20937499999999998 0.184375 0.15208333333333332
0 0.14375 0.08541666666666668 0.18125 0.16666666666666669
0 0.8234375 0.22500000000000003 0.203125 0.22500000000000003
0 0.6375 0.07812500000000001 0.19687500000000002 0.15208333333333335
0 0.46640625 0.25416666666666665 0.15781249999999997 0.2125
0 0.7375 0.5 0.16249999999999998 0.24583333333333335
0 0.828125 0.45416666666666666 0.1625000000000001 0.21250000000000002
0 0.184375 0.875 0.15312499999999998 0.2124999999999999
0 0.6640625 0.7166666666666667 0.15312499999999996 0.2124999999999999
2 0.4453125 0.796875 0.35624999999999996 0.40625
