0 0.0984375 0.84375 0.1875 0.24583333333333335
0 0.3515625 0.44166666666666665 0.1875 0.24583333333333335
0 0.65234375 0.10937500000000001 0.18281250000000004 0.21458333333333335
0 0.51328125 0.3020833333333333 0.18281250000000004 0.21666666666666665
0 0.69453125 0.5083333333333333 0.17343750000000002 0.28750000000000003
0 0.93671875 0.22812499999999997 0.12656250000000002 0.24374999999999997
0 0.8609375 0.9395833333333333 0.18437499999999996 0.1166666666666667
0 0.1421875 0.4916666666666667 0.1875 0.24583333333333335
0 0.31640625 0.18229166666666669 0.16718750000000002 0.18541666666666667
0 0.46796875 0.9510416666666667 0.16718749999999993 0.09791666666666665
0 0.71796875 0.34479166666666666 0.20468750000000002 0.21458333333333335
0 0.8171875 0.5625 0.16875000000000007 0.24583333333333335
1 0.484375 0.7364583333333334 0.046875 0.06458333333333333
1 0.1515625 0.14375 0.056249999999999994 0.0875
2 0.62890625 0.83125 0.26406250000000003 0.3375
