0 0.246875 0.8979166666666667 0.18437499999999998 0.16666666666666663
0 0.29140625 0.690625 0.2046875 0.23541666666666672
0 0.2671875 0.16145833333333331 0.20312500000000003 0.24375
0 0.42890625000000004 0.25104166666666666 0.1921875 0.23958333333333334
0 0.8859375 0.7333333333333334 0.17499999999999993 0.24166666666666659
0 0.8031250000000001 0.7635416666666667 0.16562500000000002 0.1937500000000001
0 0.69609375 0.8041666666666667 0.14218750000000002 0.1958333333333333
0 0.5953124999999999 0.80625 0.11875000000000002 0.19166666666666665
0 0.5234375 0.8197916666666667 0.125 0.20625000000000004
0 0.5421875 0.6 0.17812499999999998 0.1958333333333333
0 0.7593749999999999 0.48750000000000004 0.17812499999999998 0.19583333333333336
0 0.2875 0.4302083333333333 0.2 0.26458333333333334
2 0.0640625 0.771875 0.125 0.33125000000000004
