0 0.78359375 0.8302083333333333 0.19218749999999996 0.21458333333333335
0 0.5171874999999999 0.4552083333333333 0.17812499999999998 0.1645833333333333
0 0.61015625 0.653125 0.15781250000000002 0.21875
0 0.659375 0.3260416666666667 0.18125000000000002 0.22291666666666668
0 0.68046875 0.09583333333333334 0.1796875 0.1875
0 0.14375 0.8864583333333333 0.1875 0.2270833333333333
0 0.0875 0.6729166666666666 0.15625 0.19583333333333341
0 0.10625 0.18958333333333333 0.19375 0.20833333333333334
0 0.23828125 0.07604166666666667 0.17031249999999998 0.14791666666666667
0 0.40859375 0.07604166666666667 0.17031250000000003 0.14791666666666667
0 0.8687499999999999 0.265625 0.16562500000000002 0.21875
0 0.5796875 0.7364583333333333 0.16562499999999997 0.21875
0 0.34687500000000004 0.8072916666666667 0.159375 0.17708333333333337
0 0.38046875 0.22500000000000003 0.1953125 0.2541666666666667
0 0.9375 0.3822916666666667 0.125 0.20208333333333334
0 0.07656249999999999 0.37604166666666666 0.15 0.19374999999999998
1 0.47578125000000004 0.8666666666666667 0.08593750000000006 0.09999999999999998
1 0.87109375 0.5229166666666667 0.09843749999999996 0.13333333333333336
2 0.25 0.5166666666666666 0.328125 0.4125
