0 0.78984375 0.13229166666666667 0.17031249999999998 0.18541666666666667
0 0.7203124999999999 0.34270833333333334 0.16562500000000002 0.19375
0 0.78515625 0.9322916666666667 0.2203124999999999 0.13541666666666663
0 0.5015624999999999 0.7979166666666667 0.16249999999999998 0.25
0 0.53671875 0.38541666666666663 0.17343749999999997 0.19583333333333336
0 0.9140625 0.5520833333333334 0.1625000000000001 0.25000000000000006
0 0.84140625 0.6625 0.19218749999999996 0.2041666666666666
0 0.2765625 0.4697916666666667 0.13124999999999998 0.16458333333333336
0 0.09296875 0.5395833333333333 0.1703125 0.17083333333333334
0 0.15859375000000003 0.8260416666666667 0.18593750000000003 0.2354166666666666
2 0.31796875 0.23645833333333333 0.1828125 0.21875
0 0.93515625 0.353125 0.12968749999999996 0.18541666666666667
0 0.51484375 0.925 0.14843750000000006 0.15000000000000002
0 0.3515625 0.809375 0.140625 0.18958333333333333
