0 0.36640625 0.5166666666666666 0.20468750000000002 0.2875
0 0.73671875 0.8218749999999999 0.15156250000000004 0.24375000000000002
0 0.90703125 0.8677083333333333 0.15156249999999993 0.24375000000000002
0 0.62578125 0.18125000000000002 0.1484375 0.2
0 0.621875 0.384375 0.16562500000000002 0.25208333333333327
0 0.565625 0.6114583333333333 0.16562500000000002 0.2520833333333334
0 0.91484375 0.43645833333333334 0.16718749999999993 0.24375000000000002
0 0.81875 0.2635416666666667 0.21562499999999996 0.23958333333333337
0 0.109375 0.525 0.20625 0.26666666666666666
0 0.2515625 0.284375 0.184375 0.24791666666666665
2 0.35859375000000004 0.8125 0.3296875 0.375
1 0.94921875 0.31354166666666666 0.057812500000000044 0.06874999999999998
