0 0.17734375000000002 0.2583333333333333 0.1609375 0.2125
0 0.45390625 0.5875 0.17031249999999998 0.27499999999999997
0 0.2796875 0.725 0.15624999999999997 0.19999999999999996
0 0.67109375 0.7614583333333333 0.20156249999999998 0.24791666666666667
0 0.8492187499999999 0.18124999999999997 0.15468749999999998 0.21249999999999997
0 0.3515625 0.16354166666666667 0.15000000000000002 0.22291666666666668
0 0.1921875 0.49583333333333335 0.18437499999999998 0.19166666666666665
0 0.14921875 0.8479166666666667 0.1578125 0.16249999999999998
0 0.90625 0.70625 0.1625000000000001 0.20833333333333337
0 0.22031250000000002 0.603125 0.2625 0.1479166666666667
2 0.61484375 0.29062499999999997 0.35468750000000004 0.4020833333333333
