0 0.40234375 0.5677083333333333 0.17656249999999996 0.20624999999999993
0 0.0703125 0.634375 0.1375 0.21875
0 0.38671875 0.809375 0.13906249999999998 0.21875
0 0.88359375 0.7447916666666667 0.18281249999999993 0.26874999999999993
0 0.81328125 0.26145833333333335 0.17656250000000007 0.20625
0 0.11484375 0.21041666666666667 0.2109375 0.2833333333333333
0 0.2296875 0.5770833333333334 0.12812500000000002 0.2
0 0.37890625 0.38229166666666664 0.14531249999999996 0.15625
2 0.42890625 0.14166666666666666 0.19843749999999993 0.26666666666666666
1 0.54921875 0.9604166666666667 0.06718749999999996 0.07916666666666672
