0 0.42890625 0.5802083333333333 0.15468749999999998 0.18958333333333338
0 0.81640625 0.5458333333333334 0.12343750000000009 0.16666666666666663
0 0.64453125 0.4875 0.1703125000000001 0.22083333333333333
0 0.60859375 0.8791666666666667 0.17031249999999998 0.22083333333333333
0 0.43046875 0.84375 0.17031249999999998 0.22083333333333344
0 0.6765625 0.684375 0.171875 0.20624999999999993
0 0.7296875 0.1635416666666667 0.13750000000000007 0.19375000000000003
0 0.89375 0.7010416666666667 0.17812499999999998 0.19791666666666674
0 0.11796875 0.25416666666666665 0.1671875 0.2041666666666667
0 0.27265625 0.25104166666666666 0.15468749999999998 0.18958333333333333
0 0.43046875 0.14791666666666667 0.16093750000000007 0.22083333333333335
0 0.5882812500000001 0.2739583333333333 0.15781250000000002 0.24375
0 0.9328125 0.21354166666666669 0.13437500000000002 0.2604166666666667
0 0.30078125 0.06875 0.15468749999999998 0.13333333333333333
2 0.17187499999999997 0.6489583333333333 0.34062499999999996 0.46041666666666664
