0 0.3734375 0.6604166666666667 0.20625 0.1791666666666667
0 0.271875 0.85625 0.19375000000000003 0.2583333333333334
0 0.265625 0.2895833333333333 0.19374999999999998 0.2583333333333333
0 0.56484375 0.3125 0.19218749999999996 0.23750000000000002
0 0.646875 0.10625000000000001 0.19999999999999996 0.20833333333333334
0 0.5421875 0.5364583333333334 0.17499999999999993 0.23541666666666666
0 0.603125 0.7979166666666666 0.215625 0.2583333333333334
0 0.7828124999999999 0.28541666666666665 0.20937499999999998 0.2
0 0.921875 0.334375 0.15625 0.23958333333333334
0 0.23046875 0.07812500000000001 0.1640625 0.15208333333333335
2 0.7734375 0.5895833333333333 0.3187500000000001 0.45
