0 0.29921875 0.63125 0.17968749999999997 0.2333333333333334
0 0.64609375 0.24583333333333335 0.1796875 0.2333333333333333
0 0.72109375 0.7145833333333333 0.1796875 0.2333333333333334
0 0.56328125 0.49270833333333336 0.11406250000000007 0.24375000000000002
0 0.3203125 0.3927083333333333 0.19374999999999998 0.23958333333333331
0 0.51484375 0.8708333333333333 0.16718749999999993 0.22499999999999998
0 0.325 0.8375 0.19999999999999998 0.2041666666666666
0 0.86796875 0.55625 0.1796875 0.2333333333333334
0 0.8328125 0.8927083333333333 0.15625 0.21458333333333335
0 0.5984375 0.07708333333333334 0.18125000000000002 0.15
0 0.49140625000000004 0.4895833333333333 0.17968750000000006 0.22916666666666663
0 0.1984375 0.828125 0.19062500000000002 0.2020833333333334
2 0.37578124999999996 0.16666666666666666 0.3390625 0.32916666666666666
