0 0.14140625 0.55625 0.1359375 0.1875
0 0.14765625 0.18958333333333333 0.13593750000000002 0.1875
0 0.31015625 0.1645833333333333 0.18906249999999997 0.17916666666666664
0 0.515625 0.16875 0.16562499999999997 0.1875
0 0.8921875 0.675 0.19062500000000004 0.23749999999999993
0 0.80078125 0.23645833333333333 0.13593750000000004 0.21458333333333332
0 0.21953124999999998 0.8927083333333333 0.1359375 0.21458333333333335
0 0.890625 0.8895833333333334 0.21875 0.20833333333333337
0 0.734375 0.7197916666666666 0.1499999999999999 0.20624999999999993
2 0.49140625 0.7989583333333333 0.3734375 0.40208333333333335
