0 0.296875 0.8385416666666666 0.16562500000000002 0.2104166666666667
0 0.41874999999999996 0.5677083333333334 0.159375 0.24374999999999997
0 0.51640625 0.321875 0.15781250000000002 0.20625
0 0.7054687500000001 0.26875 0.17031249999999998 0.1958333333333333
0 0.8492187499999999 0.12083333333333332 0.18593749999999998 0.2333333333333333
0 0.9203125 0.815625 0.15937500000000004 0.21458333333333335
0 0.17734374999999997 0.640625 0.20468749999999997 0.2645833333333334
0 0.09140625 0.49375 0.1796875 0.24583333333333335
0 0.7109375 0.8125 0.1781250000000001 0.22916666666666674
0 0.553125 0.15833333333333333 0.17812500000000003 0.22916666666666663
0 0.071875 0.7760416666666666 0.140625 0.2270833333333333
2 0.80078125 0.5541666666666667 0.3140624999999999 0.37083333333333335
1 0.17109375 0.8229166666666667 0.07343750000000002 0.08333333333333337
