0 0.275 0.10208333333333335 0.190625 0.2
0 0.30625 0.9166666666666667 0.18124999999999997 0.16666666666666663
0 0.92734375 0.6135416666666667 0.14531249999999996 0.21875
0 0.09375 0.309375 0.184375 0.17291666666666664
0 0.38125 0.38020833333333337 0.190625 0.20208333333333334
0 0.1953125 0.7760416666666667 0.19062500000000002 0.20208333333333328
0 0.4765625 0.746875 0.17812500000000003 0.21458333333333335
0 0.8648437499999999 0.16875 0.18593749999999998 0.24583333333333335
0 0.925 0.33229166666666665 0.13750000000000007 0.20208333333333334
1 0.4390625 0.22395833333333334 0.05624999999999997 0.07708333333333334
2 0.7015625 0.7395833333333334 0.32499999999999996 0.37916666666666665
