0 0.11640625 0.715625 0.1609375 0.20624999999999993
0 0.41328125000000004 0.3364583333333333 0.1296875 0.17708333333333331
0 0.86015625 0.3927083333333333 0.16093750000000007 0.19791666666666663
0 0.26328125 0.20729166666666668 0.1609375 0.19791666666666669
0 0.81953125 0.621875 0.1640625 0.23125000000000007
0 0.934375 0.8260416666666667 0.13124999999999998 0.17708333333333326
0 0.8046875 0.921875 0.15312499999999996 0.15625
0 0.55234375 0.9520833333333334 0.1609375 0.09583333333333333
0 0.3359375 0.959375 0.15625 0.08125000000000004
0 0.06874999999999999 0.21458333333333335 0.134375 0.1708333333333333
2 0.434375 0.6697916666666666 0.24375000000000002 0.3104166666666667
0 0.25625 0.71875 0.13125000000000003 0.2124999999999999
0 0.2375 0.5520833333333334 0.13124999999999998 0.21249999999999997
0 0.6273437500000001 0.434375 0.13906249999999998 0.23125000000000007
0 0.52109375 0.31354166666666666 0.14218749999999997 0.19791666666666666
