0 0.6953125 0.5666666666666667 0.15625 0.20833333333333326
0 0.14453125 0.3416666666666667 0.14218750000000002 0.19999999999999998
0 0.28203125 0.32916666666666666 0.12656250000000002 0.22083333333333333
0 0.203125 0.8625 0.14687499999999998 0.17499999999999993
0 0.7710937499999999 0.7197916666666666 0.07656249999999998 0.30625
0 0.9109375 0.7 0.15000000000000002 0.19583333333333341
0 0.6460937499999999 0.7552083333333334 0.18906250000000002 0.22291666666666665
0 0.828125 0.29375 0.1468750000000001 0.1875
0 0.9039062499999999 0.2708333333333333 0.15468749999999998 0.17916666666666667
0 0.6312500000000001 0.240625 0.14687499999999998 0.20208333333333334
0 0.09687499999999999 0.6343749999999999 0.134375 0.19791666666666663
0 0.08828125 0.73125 0.1421875 0.19166666666666665
0 0.50078125 0.3208333333333333 0.11718749999999994 0.21666666666666665
2 0.3671875 0.71875 0.33749999999999997 0.3916666666666666
