2 0.30781250000000004 0.5322916666666666 0.25312500000000004 0.2645833333333333
0 0.16875 0.22291666666666668 0.134375 0.27083333333333337
0 0.4421875 0.6854166666666667 0.14687499999999998 0.19999999999999996
0 0.628125 0.7583333333333333 0.14687499999999998 0.19999999999999996
0 0.925 0.5208333333333334 0.14687499999999998 0.2625
0 0.92578125 0.30000000000000004 0.1484375 0.2625
0 0.9390625 0.10625000000000001 0.12187499999999996 0.20833333333333334
0 0.32109375 0.08854166666666667 0.1703125 0.17291666666666666
0 0.503125 0.08125000000000002 0.23125 0.15833333333333335
0 0.55859375 0.3979166666666667 0.17031250000000003 0.175
0 0.27734375 0.8885416666666667 0.2578125 0.20625000000000004
1 0.665625 0.41041666666666665 0.078125 0.07500000000000001
1 0.02421875 0.628125 0.0453125 0.08124999999999993
0 0.77734375 0.5958333333333333 0.1734374999999999 0.2666666666666666
0 0.715625 0.8208333333333333 0.14687499999999998 0.19999999999999996
0 0.8015625 0.9 0.15625 0.19999999999999996
