0 0.08359375 0.7583333333333333 0.1640625 0.24583333333333335
0 0.3859375 0.24479166666666669 0.15625 0.18958333333333335
0 0.5328125 0.85625 0.16562499999999997 0.24583333333333335
0 0.82734375 0.615625 0.1953125 0.2520833333333334
0 0.7703125 0.9052083333333334 0.15625 0.18541666666666667
0 0.76875 0.1791666666666667 0.15312500000000007 0.22500000000000003
0 0.915625 0.17187499999999997 0.16874999999999996 0.26041666666666663
0 0.8 0.41458333333333336 0.19687500000000002 0.20416666666666672
0 0.5984375 0.10312500000000001 0.19687500000000002 0.20208333333333334
0 0.6046875 0.29583333333333334 0.19687500000000002 0.20416666666666664
0 0.6125 0.5083333333333333 0.19687500000000002 0.20416666666666672
0 0.278125 0.7416666666666667 0.19687500000000002 0.20416666666666672
0 0.334375 0.921875 0.18749999999999997 0.15625
0 0.096875 0.328125 0.19062500000000002 0.23124999999999998
2 0.4140625 0.5666666666666667 0.35000000000000003 0.4708333333333334
