0 0.6390625 0.3302083333333333 0.15625 0.23958333333333334
0 0.70546875 0.8625 0.1796875 0.20416666666666672
0 0.7578125 0.47916666666666663 0.1875 0.24166666666666664
0 0.8078125 0.6895833333333333 0.18125000000000002 0.1708333333333334
0 0.16484375 0.90625 0.1515625 0.1875
0 0.07656249999999999 0.5864583333333333 0.15 0.20208333333333334
0 0.07656249999999999 0.365625 0.15 0.20208333333333334
0 0.5203125 0.16041666666666665 0.19374999999999998 0.23333333333333334
0 0.37265625 0.34375 0.1671875 0.22916666666666666
0 0.21796875 0.29791666666666666 0.16718750000000002 0.22916666666666666
0 0.25859374999999996 0.18333333333333335 0.1671875 0.22916666666666666
0 0.940625 0.4666666666666667 0.11875000000000002 0.20833333333333331
0 0.22890624999999998 0.5416666666666667 0.14843749999999997 0.20000000000000007
2 0.453125 0.5927083333333333 0.34687500000000004 0.46041666666666664
