1 0.82578125 0.44166666666666665 0.0703125 0.08333333333333331
2 0.43359375 0.47291666666666665 0.2421875 0.31666666666666665
0 0.346875 0.6958333333333333 0.228125 0.22083333333333333
0 0.22109375 0.40937500000000004 0.1609375 0.21875000000000006
0 0.08046874999999999 0.23229166666666667 0.1578125 0.21875
0 0.08046874999999999 0.134375 0.1578125 0.21875
0 0.1765625 0.06354166666666666 0.15312499999999998 0.12291666666666666
0 0.41093749999999996 0.21979166666666666 0.16875 0.13958333333333336
0 0.7085937499999999 0.6552083333333334 0.15468749999999998 0.23125000000000007
0 0.37578125 0.884375 0.15468749999999998 0.23124999999999996
0 0.13671875 0.628125 0.15468749999999998 0.23125000000000007
0 0.7093750000000001 0.13958333333333334 0.18125000000000002 0.2125
0 0.9421875 0.30833333333333335 0.11562499999999998 0.21666666666666667
0 0.909375 0.7437499999999999 0.18125000000000002 0.21250000000000002
0 0.928125 0.9166666666666667 0.14375000000000004 0.16666666666666663
0 0.67109375 0.8427083333333334 0.15468749999999998 0.23125000000000007
0 0.7984375 0.93125 0.13749999999999996 0.13749999999999996
