0 0.590625 0.321875 0.14687499999999998 0.1854166666666667
0 0.41953125 0.7822916666666666 0.1765625 0.23958333333333337
0 0.3125 0.24062500000000003 0.19374999999999998 0.25625000000000003
0 0.21953125 0.10729166666666667 0.1234375 0.14791666666666667
0 0.5125 0.14166666666666666 0.16249999999999998 0.22499999999999998
0 0.7640625 0.296875 0.140625 0.19374999999999998
0 0.91484375 0.7541666666666667 0.17031249999999998 0.22083333333333333
0 0.93671875 0.5447916666666667 0.12656250000000002 0.20625000000000004
0 0.79609375 0.5739583333333333 0.14531250000000007 0.19791666666666674
0 0.9203125 0.321875 0.15625 0.19791666666666666
0 0.8046875 0.9395833333333333 0.15625 0.12083333333333335
0 0.775 0.7625 0.15937500000000004 0.20416666666666672
0 0.078125 0.44895833333333335 0.153125 0.23958333333333331
0 0.5328125 0.4291666666666667 0.15937500000000004 0.21666666666666662
2 0.20234375 0.6062500000000001 0.3515625 0.44583333333333336
1 0.41484375 0.290625 0.06406250000000002 0.07708333333333334
