0 0.83515625 0.09895833333333333 0.17031249999999998 0.18958333333333333
0 0.6265625 0.534375 0.16874999999999996 0.23958333333333331
0 0.8374999999999999 0.8572916666666667 0.13124999999999998 0.2270833333333333
0 0.9234374999999999 0.28229166666666666 0.13124999999999998 0.2270833333333333
0 0.6828125 0.8552083333333333 0.16875000000000007 0.23958333333333326
0 0.625 0.10104166666666668 0.1656249999999999 0.19791666666666669
0 0.18515625 0.2791666666666667 0.1984375 0.23749999999999996
0 0.48593749999999997 0.16354166666666664 0.17812499999999998 0.21041666666666664
0 0.103125 0.5177083333333333 0.190625 0.2104166666666667
0 0.71484375 0.46875 0.1703125000000001 0.25
0 0.71328125 0.6572916666666666 0.15156250000000004 0.21458333333333324
2 0.17656249999999998 0.8447916666666666 0.35 0.30625
1 0.83125 0.421875 0.07187500000000002 0.0854166666666667
