2 0.40390625 0.7395833333333333 0.23593749999999997 0.29166666666666663
0 0.3328125 0.4520833333333334 0.16562500000000002 0.25833333333333336
0 0.0828125 0.18958333333333333 0.1625 0.2583333333333333
0 0.22265625 0.33125 0.16718750000000002 0.23333333333333336
0 0.14687499999999998 0.4666666666666667 0.165625 0.2333333333333334
0 0.21171874999999998 0.6041666666666666 0.1671875 0.23333333333333334
0 0.1328125 0.6583333333333333 0.16562500000000002 0.2333333333333334
0 0.08046874999999999 0.821875 0.1578125 0.20625000000000004
0 0.53671875 0.9177083333333333 0.1609375 0.1645833333333333
0 0.6781250000000001 0.76875 0.16562500000000002 0.20833333333333337
0 0.7734375 0.7614583333333333 0.12187499999999996 0.22291666666666665
0 0.8374999999999999 0.7114583333333333 0.18125000000000002 0.26875000000000004
0 0.94296875 0.6208333333333333 0.11406249999999996 0.22916666666666674
0 0.93671875 0.9052083333333334 0.12656250000000002 0.18958333333333333
0 0.86796875 0.29375 0.16093750000000007 0.18333333333333335
0 0.7085937499999999 0.30208333333333337 0.24843749999999998 0.25833333333333336
0 0.55703125 0.09270833333333334 0.16093749999999996 0.18125
0 0.46015625000000004 0.3958333333333333 0.1609375 0.18333333333333335
0 0.57421875 0.5833333333333334 0.16093749999999996 0.1833333333333334
1 0.25625 0.7489583333333333 0.056249999999999994 0.09375
1 0.19687500000000002 0.7802083333333333 0.056249999999999994 0.09375
1 0.2953125 0.9072916666666667 0.05624999999999997 0.09375
0 0.22187500000000002 0.08125000000000002 0.184375 0.15833333333333335
