0 0.490625 0.4125 0.16250000000000003 0.1958333333333333
0 0.3453125 0.14583333333333334 0.16250000000000003 0.19583333333333333
0 0.84375 0.44375000000000003 0.13749999999999996 0.14583333333333337
0 0.91640625 0.7020833333333334 0.16718750000000004 0.21666666666666667
0 0.21640625000000002 0.8416666666666666 0.1703125 0.15833333333333333
0 0.08515625 0.2604166666666667 0.1390625 0.24583333333333335
0 0.6640625 0.43645833333333334 0.1875 0.24375000000000002
0 0.54921875 0.6604166666666667 0.1640625 0.21666666666666667
0 0.94765625 0.07395833333333335 0.10468750000000004 0.14375000000000002
0 0.6640625 0.9052083333333334 0.1499999999999999 0.17291666666666672
0 0.08828125 0.7645833333333334 0.1421875 0.17916666666666659
2 0.23281250000000003 0.5864583333333333 0.27187500000000003 0.3229166666666667
2 0.42578125 0.9239583333333333 0.04843750000000002 0.05624999999999991
