0 0.45625 0.15625 0.17812499999999998 0.21666666666666667
0 0.684375 0.40625 0.15625 0.19999999999999996
0 0.84375 0.5791666666666667 0.1812499999999999 0.25000000000000006
0 0.6515625 0.6645833333333333 0.18125000000000002 0.25
0 0.1421875 0.43229166666666663 0.178125 0.14791666666666664
0 0.51328125 0.8489583333333333 0.14218749999999997 0.17708333333333337
0 0.5257812500000001 0.7114583333333333 0.14218750000000002 0.17708333333333337
0 0.11640624999999999 0.909375 0.1421875 0.17708333333333337
0 0.9007812500000001 0.7947916666666667 0.14218750000000002 0.17708333333333326
2 0.07421875 0.5989583333333333 0.1453125 0.2645833333333333
1 0.0546875 0.2625 0.0625 0.07916666666666664
1 0.5874999999999999 0.2885416666666667 0.05312499999999998 0.07708333333333334
1 0.5296875000000001 0.2677083333333333 0.05312499999999998 0.07708333333333336
1 0.62890625 0.22604166666666667 0.06406249999999991 0.08124999999999999
