0 0.37421875 0.3895833333333333 0.17031249999999998 0.20416666666666666
0 0.51171875 0.42500000000000004 0.17031250000000003 0.20416666666666666
0 0.75703125 0.575 0.17031249999999998 0.20416666666666672
0 0.9007812500000001 0.42083333333333334 0.17031249999999998 0.20416666666666672
0 0.59296875 0.63125 0.17031249999999998 0.2041666666666666
0 0.5445312499999999 0.7375 0.17031249999999998 0.20416666666666672
0 0.6273437500000001 0.16041666666666665 0.17031249999999998 0.20416666666666666
0 0.8023437499999999 0.29166666666666663 0.17031249999999998 0.20416666666666666
0 0.60078125 0.8770833333333333 0.17031249999999998 0.2041666666666666
2 0.43125 0.12291666666666667 0.20625000000000004 0.23333333333333334
