0 0.29453125 0.3145833333333333 0.14843750000000003 0.21666666666666667
0 0.20703125 0.10833333333333334 0.15156250000000002 0.20416666666666666
0 0.465625 0.09791666666666668 0.14687499999999998 0.19166666666666668
0 0.65625 0.11979166666666667 0.1468750000000001 0.19375
0 0.92578125 0.31666666666666665 0.12968749999999996 0.17500000000000002
0 0.90703125 0.7510416666666666 0.1640625 0.19791666666666663
0 0.38046875 0.684375 0.1640625 0.19791666666666663
0 0.16796875 0.8739583333333334 0.1640625 0.19791666666666663
0 0.61328125 0.3677083333333333 0.1953125 0.20208333333333334
0 0.390625 0.8125 0.15625 0.1791666666666667
0 0.2828125 0.5333333333333333 0.18750000000000003 0.2666666666666666
2 0.59296875 0.6583333333333333 0.2953125 0.37916666666666665
