0 0.7625 0.4145833333333333 0.13124999999999998 0.23333333333333334
0 0.7593749999999999 0.7145833333333333 0.13124999999999998 0.2333333333333334
0 0.9156249999999999 0.2833333333333333 0.13124999999999998 0.23333333333333336
0 0.771875 0.11875000000000001 0.15312499999999996 0.23333333333333334
0 0.38203125000000004 0.175 0.1828125 0.1875
0 0.1984375 0.8666666666666667 0.17500000000000002 0.1958333333333333
0 0.13203125 0.3260416666666667 0.2109375 0.17291666666666664
0 0.603125 0.32916666666666666 0.15625 0.23333333333333336
0 0.62890625 0.47604166666666664 0.1703125000000001 0.20208333333333328
2 0.4890625 0.6760416666666667 0.4 0.46458333333333335
