0 0.5796874999999999 0.9020833333333333 0.13124999999999998 0.1958333333333333
0 0.271875 0.8395833333333333 0.153125 0.19999999999999996
0 0.07734375 0.7895833333333333 0.15156250000000002 0.19999999999999996
0 0.1984375 0.6541666666666667 0.153125 0.19999999999999996
0 0.115625 0.08645833333333335 0.15625 0.16875
0 0.33515625 0.10937500000000001 0.1796875 0.21458333333333335
0 0.5171875 0.11458333333333334 0.14999999999999997 0.225
0 0.896875 0.06562500000000002 0.15937500000000004 0.12708333333333335
0 0.90078125 0.31666666666666665 0.1640625 0.21666666666666665
0 0.91796875 0.8666666666666667 0.1640625 0.21666666666666667
0 0.64140625 0.684375 0.19218750000000007 0.23125000000000007
0 0.55703125 0.5010416666666667 0.19218749999999996 0.23125
0 0.13437500000000002 0.421875 0.16875 0.18958333333333338
0 0.39453125 0.6125 0.18906250000000002 0.22916666666666663
2 0.675 0.27708333333333335 0.33124999999999993 0.4041666666666667
