2 0.17734374999999997 0.6770833333333334 0.28281249999999997 0.39999999999999997
2 0.58515625 0.753125 0.4234375 0.4520833333333333
0 0.34062499999999996 0.565625 0.159375 0.24791666666666667
0 0.18671875 0.396875 0.1578125 0.21875
0 0.13203125 0.265625 0.1296875 0.18125000000000002
0 0.49453125 0.43645833333333334 0.12968749999999996 0.18125000000000002
0 0.55078125 0.4635416666666667 0.12968749999999996 0.18125000000000002
0 0.48203125 0.234375 0.1296875 0.18125000000000002
0 0.54453125 0.246875 0.1296875 0.18125000000000002
0 0.59453125 0.25729166666666664 0.12968750000000007 0.18125
0 0.7859375 0.07187500000000001 0.14687499999999998 0.13958333333333334
0 0.58046875 0.07291666666666667 0.1796875 0.14166666666666666
0 0.3984375 0.04583333333333333 0.171875 0.0875
0 0.09062500000000001 0.08333333333333334 0.13125 0.1625
0 0.7375 0.2760416666666667 0.20624999999999993 0.21875000000000003
0 0.9375 0.6052083333333333 0.125 0.22708333333333336
0 0.94609375 0.4520833333333333 0.10781249999999998 0.17916666666666664
0 0.9421875 0.24583333333333332 0.11562499999999998 0.175
