0 0.578125 0.3177083333333333 0.18437499999999996 0.23958333333333334
0 0.075 0.22499999999999998 0.146875 0.20416666666666666
0 0.20625 0.17291666666666666 0.1875 0.20833333333333334
0 0.16015625 0.8885416666666667 0.15781250000000002 0.1937500000000001
0 0.7578125 0.91875 0.19062500000000004 0.15833333333333333
0 0.8859375 0.20520833333333333 0.140625 0.19374999999999998
0 0.7125 0.4552083333333333 0.140625 0.19375000000000003
0 0.20625000000000002 0.42604166666666665 0.153125 0.18541666666666673
0 0.09453125 0.7416666666666667 0.1640625 0.1958333333333333
0 0.85078125 0.46458333333333335 0.1640625 0.19583333333333336
0 0.73984375 0.09166666666666667 0.15156250000000004 0.17916666666666667
2 0.421875 0.7197916666666666 0.36874999999999997 0.4520833333333333
