0 0.6703125 0.21458333333333332 0.203125 0.2583333333333333
0 0.871875 0.43333333333333335 0.203125 0.25833333333333336
0 0.5289062499999999 0.5125 0.17031249999999998 0.1833333333333333
0 0.49453125 0.11145833333333334 0.17656249999999996 0.15208333333333335
0 0.19843750000000002 0.5104166666666666 0.1375 0.16250000000000003
0 0.2484375 0.22604166666666667 0.159375 0.17708333333333331
0 0.40234375 0.8812500000000001 0.13593750000000004 0.21250000000000002
0 0.28515625 0.6927083333333333 0.13593750000000002 0.18958333333333333
0 0.2578125 0.8947916666666667 0.15937500000000002 0.18125000000000002
0 0.08046874999999999 0.27708333333333335 0.1578125 0.20833333333333331
2 0.575 0.76875 0.31249999999999994 0.3583333333333333
1 0.4109375 0.15312499999999998 0.046875 0.06041666666666666
1 0.75859375 0.13958333333333334 0.0546875 0.07500000000000001
