0 0.1484375 0.5406249999999999 0.203125 0.19374999999999998
0 0.0671875 0.8989583333333333 0.13125 0.18958333333333333
0 0.1953125 0.7749999999999999 0.16249999999999998 0.21666666666666667
0 0.8640625 0.22395833333333337 0.17812499999999998 0.25625000000000003
0 0.63203125 0.253125 0.18906250000000002 0.3104166666666667
0 0.93359375 0.39791666666666664 0.1328125 0.23333333333333328
0 0.9171875 0.871875 0.16562500000000002 0.25625
0 0.6171875 0.6031249999999999 0.1781250000000001 0.25625
0 0.6265624999999999 0.871875 0.17812499999999998 0.25625
0 0.42421875 0.38645833333333335 0.21718750000000003 0.30624999999999997
2 0.40234375 0.8166666666666667 0.34531249999999997 0.3666666666666667
