0 0.19765624999999998 0.734375 0.16406249999999997 0.21458333333333335
0 0.38046875 0.7645833333333334 0.12343750000000003 0.14583333333333337
0 0.05468750000000001 0.6541666666666667 0.10625000000000001 0.22916666666666674
0 0.40859375 0.36354166666666665 0.1453125 0.16875
0 0.653125 0.08750000000000001 0.16875000000000007 0.17083333333333334
0 0.2484375 0.27187500000000003 0.159375 0.22291666666666668
0 0.8453125 0.1 0.21562499999999996 0.19583333333333333
0 0.86875 0.8552083333333333 0.15625 0.21458333333333335
0 0.9359375 0.5791666666666667 0.12812500000000004 0.25833333333333336
0 0.4203125 0.9208333333333334 0.1375 0.15833333333333333
0 0.915625 0.334375 0.16874999999999996 0.21874999999999997
0 0.31171875 0.10312500000000001 0.1953125 0.20208333333333334
0 0.66171875 0.8270833333333334 0.1953125 0.20416666666666672
1 0.1375 0.9291666666666667 0.06875 0.09166666666666667
2 0.64765625 0.5802083333333333 0.2421875 0.38958333333333334
1 0.11796875 0.40312499999999996 0.0765625 0.07291666666666669
