0 0.81953125 0.17708333333333331 0.17343750000000002 0.1875
0 0.67421875 0.21770833333333334 0.17656249999999996 0.20625000000000004
0 0.55546875 0.5677083333333333 0.17656250000000007 0.20624999999999993
0 0.82421875 0.590625 0.1578124999999999 0.18541666666666667
0 0.92890625 0.4354166666666667 0.14218750000000002 0.24583333333333335
0 0.721875 0.46458333333333335 0.17812499999999998 0.2416666666666667
0 0.15546875 0.8322916666666667 0.1765625 0.20625000000000004
0 0.21640625 0.10104166666666668 0.1671875 0.19791666666666669
0 0.48515625 0.8447916666666666 0.19218750000000007 0.22291666666666676
0 0.753125 0.8416666666666667 0.19374999999999998 0.2666666666666666
2 0.29453124999999997 0.3604166666666667 0.36093749999999997 0.45833333333333337
1 0.55234375 0.315625 0.0546875 0.06458333333333333
