0 0.09609375 0.42083333333333334 0.1421875 0.20833333333333337
0 0.10703125 0.6499999999999999 0.1578125 0.21250000000000002
0 0.13828125 0.8833333333333333 0.1515625 0.22916666666666663
0 0.41171875 0.25104166666666666 0.18906249999999997 0.21041666666666667
0 0.23046875 0.340625 0.18906250000000002 0.2104166666666667
0 0.26953125 0.10625000000000001 0.18906250000000002 0.20833333333333334
0 0.62578125 0.20937499999999998 0.18906250000000002 0.21041666666666664
0 0.76171875 0.5520833333333334 0.1890624999999999 0.21249999999999997
0 0.75703125 0.7604166666666667 0.18906250000000002 0.21250000000000002
0 0.9140625 0.896875 0.171875 0.20625000000000004
0 0.8109375 0.33958333333333335 0.19999999999999996 0.2583333333333333
1 0.21015625 0.5458333333333334 0.060937500000000006 0.07083333333333341
2 0.45390625 0.7520833333333333 0.3421875 0.4458333333333333
