0 0.43281250000000004 0.8177083333333333 0.17187500000000006 0.20624999999999993
0 0.6 0.853125 0.171875 0.20625000000000004
0 0.7890625 0.865625 0.171875 0.20625000000000004
0 0.909375 0.6583333333333333 0.18125000000000002 0.23750000000000004
0 0.85859375 0.09791666666666668 0.1796875 0.19166666666666668
0 0.625 0.3302083333333333 0.1812499999999999 0.24375
0 0.70234375 0.14375000000000002 0.17031249999999998 0.22916666666666669
0 0.05234375 0.809375 0.1015625 0.23958333333333337
0 0.07421875 0.375 0.1453125 0.21250000000000002
0 0.690625 0.4916666666666667 0.14687499999999998 0.21249999999999997
0 0.8390625 0.24583333333333332 0.19062499999999993 0.20416666666666666
2 0.40078125 0.42500000000000004 0.4078125 0.3791666666666667
