0 0.378125 0.884375 0.15625 0.2020833333333334
0 0.5625 0.7749999999999999 0.18437499999999996 0.21666666666666667
0 0.73671875 0.6572916666666666 0.12031250000000004 0.17708333333333337
0 0.7515624999999999 0.85625 0.14687499999999998 0.17916666666666659
0 0.84453125 0.8697916666666666 0.10468749999999993 0.15208333333333335
0 0.9328125 0.7270833333333333 0.13437500000000002 0.21666666666666667
0 0.25390625 0.459375 0.1484375 0.2270833333333333
0 0.08828125 0.8010416666666667 0.1484375 0.2270833333333333
0 0.1125 0.6354166666666667 0.153125 0.21250000000000002
0 0.28359375 0.671875 0.16406249999999997 0.19791666666666674
0 0.22031250000000002 0.7833333333333333 0.14062500000000003 0.1625000000000001
0 0.33828125 0.34270833333333334 0.1484375 0.22708333333333333
0 0.5828125 0.11354166666666668 0.16562500000000002 0.22291666666666668
0 0.90234375 0.22083333333333333 0.14531249999999996 0.24166666666666667
0 0.22031250000000002 0.16666666666666669 0.19375 0.225
2 0.5835937499999999 0.453125 0.3109375 0.4854166666666666
