0 0.7734375 0.18645833333333334 0.15625 0.2020833333333333
0 0.8140625 0.5385416666666667 0.15625 0.20208333333333328
0 0.07890625 0.10208333333333335 0.1546875 0.2
0 0.0828125 0.37187499999999996 0.15625 0.20208333333333334
0 0.1765625 0.6572916666666666 0.15625 0.20208333333333328
0 0.6203125 0.778125 0.17812499999999998 0.20624999999999993
0 0.9085937500000001 0.575 0.17343750000000002 0.2666666666666667
0 0.48125 0.6229166666666667 0.16249999999999998 0.17500000000000004
0 0.6039062500000001 0.35833333333333334 0.15781250000000002 0.1875
0 0.6304687499999999 0.9052083333333334 0.15781250000000002 0.18958333333333333
1 0.3265625 0.934375 0.06875000000000003 0.08958333333333335
1 0.88203125 0.8364583333333333 0.0546875 0.06458333333333333
1 0.15078125 0.51875 0.06093749999999999 0.07916666666666666
1 0.18828125 0.13958333333333334 0.0703125 0.07500000000000001
1 0.43437499999999996 0.028125 0.05937500000000001 0.052083333333333336
2 0.32890624999999996 0.32395833333333335 0.3703125 0.4604166666666667
