0 0.16796875 0.6739583333333333 0.16718750000000002 0.2562500000000001
0 0.51796875 0.23020833333333332 0.1671875 0.25625
0 0.3375 0.43437499999999996 0.209375 0.20625
0 0.78828125 0.5520833333333334 0.15156249999999993 0.20833333333333331
0 0.86953125 0.41458333333333336 0.15156250000000004 0.20833333333333337
0 0.7640625 0.17083333333333334 0.15937500000000004 0.27083333333333337
0 0.0890625 0.27812499999999996 0.17500000000000002 0.26041666666666663
0 0.18125000000000002 0.09895833333333334 0.1625 0.19375
0 0.92421875 0.23958333333333331 0.15156250000000004 0.20833333333333334
0 0.92421875 0.6479166666666667 0.15156250000000004 0.22083333333333333
2 0.49375 0.7437499999999999 0.35625 0.5041666666666667
1 0.29140625 0.7770833333333333 0.06093750000000003 0.07499999999999996
1 0.13828125 0.41770833333333335 0.0828125 0.09791666666666665
