0 0.63671875 0.10625000000000001 0.1703125000000001 0.20833333333333334
0 0.5453125000000001 0.346875 0.16562500000000002 0.28541666666666665
0 0.56796875 0.6729166666666666 0.18906249999999997 0.24583333333333324
0 0.171875 0.2677083333333333 0.19062500000000002 0.27708333333333335
0 0.39375 0.14375 0.14687499999999998 0.2
0 0.9390625 0.09062500000000001 0.12187499999999996 0.17708333333333334
0 0.36328125 0.475 0.18593749999999998 0.2375
0 0.921875 0.6552083333333334 0.15625 0.18958333333333333
0 0.8960937499999999 0.8135416666666666 0.18593749999999998 0.20208333333333328
0 0.5367187499999999 0.9 0.12343749999999998 0.19999999999999996
0 0.9484375 0.4541666666666667 0.10312500000000002 0.25000000000000006
0 0.05468750000000001 0.825 0.10625000000000001 0.24583333333333335
0 0.055468750000000004 0.37083333333333335 0.1078125 0.19166666666666665
0 0.4734375 0.12291666666666667 0.14687499999999998 0.2
2 0.77734375 0.30104166666666665 0.2328125000000001 0.28541666666666665
