2 0.35 0.6364583333333333 0.2125 0.23958333333333326
1 0.25859375 0.4708333333333333 0.07968750000000002 0.10000000000000003
0 0.84765625 0.2885416666666667 0.17656249999999996 0.23958333333333331
0 0.7265625 0.6468750000000001 0.1312500000000001 0.18958333333333333
0 0.93359375 0.8177083333333333 0.12968749999999996 0.18958333333333333
0 0.67421875 0.7760416666666667 0.19843750000000004 0.23958333333333337
0 0.50703125 0.8114583333333334 0.19843749999999993 0.23958333333333337
0 0.66328125 0.4520833333333334 0.17343750000000002 0.1916666666666667
0 0.67421875 0.21666666666666667 0.16718750000000004 0.25
0 0.3578125 0.328125 0.153125 0.22291666666666665
0 0.1671875 0.4072916666666667 0.153125 0.2229166666666667
0 0.06874999999999999 0.4072916666666667 0.134375 0.29791666666666666
0 0.5125 0.603125 0.15312500000000007 0.2229166666666667
0 0.5171875 0.37604166666666666 0.153125 0.22291666666666665
0 0.48671875000000003 0.12083333333333335 0.20468750000000002 0.23750000000000002
0 0.31796875 0.08229166666666668 0.15781249999999997 0.16041666666666668
0 0.8179687499999999 0.11354166666666668 0.22031250000000002 0.22291666666666668
0 0.05390625 0.6166666666666667 0.1046875 0.22916666666666663
0 0.140625 0.11354166666666668 0.153125 0.22291666666666668
