0 0.4265625 0.559375 0.16562500000000002 0.19374999999999998
0 0.6515625 0.13125 0.16875000000000007 0.24583333333333332
0 0.72578125 0.41875 0.1328125 0.21250000000000002
0 0.48281250000000003 0.11770833333333333 0.16562500000000002 0.21875
0 0.29453125 0.38125 0.22656250000000003 0.22916666666666669
0 0.68203125 0.70625 0.1796875 0.21250000000000002
0 0.19453125 0.5635416666666667 0.12031250000000002 0.1604166666666667
0 0.17421875000000003 0.88125 0.15468750000000003 0.1958333333333333
0 0.24296875 0.17708333333333334 0.1703125 0.23333333333333334
0 0.475 0.3677083333333333 0.16874999999999996 0.21041666666666664
0 0.34921875 0.8833333333333333 0.1515625 0.23333333333333328
2 0.58984375 0.8479166666666667 0.3515625 0.3041666666666667
