0 0.7875 0.2739583333333333 0.15937500000000004 0.21041666666666664
0 0.83984375 0.4979166666666667 0.19218749999999996 0.28333333333333327
0 0.62578125 0.55 0.17031249999999998 0.21666666666666667
0 0.11796874999999998 0.33333333333333337 0.16093749999999998 0.19583333333333336
0 0.353125 0.16875 0.19687499999999997 0.20833333333333331
0 0.2015625 0.7135416666666666 0.14375 0.1645833333333333
0 0.5601562499999999 0.24791666666666667 0.17031249999999998 0.22916666666666666
0 0.16640625 0.22708333333333333 0.1453125 0.2
0 0.34296875 0.7572916666666667 0.14218750000000002 0.17708333333333337
0 0.37734375 0.42604166666666665 0.15781249999999997 0.16874999999999996
0 0.21953125 0.47604166666666664 0.1546875 0.19791666666666663
0 0.3375 0.5 0.14687500000000003 0.15833333333333338
0 0.7875 0.7020833333333333 0.0 0.0
2 0.58828125 0.840625 0.4140625 0.31875
