0 0.3875 0.7208333333333333 0.14687499999999998 0.19166666666666665
0 0.5335937500000001 0.8177083333333333 0.12656250000000002 0.19374999999999998
0 0.91796875 0.5322916666666667 0.1640625 0.23541666666666666
0 0.31484375 0.3260416666666667 0.2203125 0.23541666666666664
0 0.1578125 0.6479166666666667 0.20625 0.23750000000000004
0 0.86171875 0.9010416666666667 0.18281250000000004 0.19791666666666663
0 0.5921875 0.16250000000000003 0.20625 0.19583333333333336
0 0.24609375 0.8989583333333333 0.16718750000000002 0.20208333333333328
0 0.821875 0.34062499999999996 0.16874999999999996 0.20625
0 0.928125 0.7510416666666666 0.14375000000000004 0.21041666666666659
2 0.53828125 0.5010416666666667 0.33906249999999993 0.47708333333333336
