2 0.64375 0.7708333333333333 0.25625 0.2833333333333333
1 0.62265625 0.25937499999999997 0.07343750000000004 0.08958333333333332
1 0.79140625 0.428125 0.07343750000000004 0.08958333333333329
0 0.6609375 0.4125 0.1875 0.2375
0 0.521875 0.4541666666666666 0.1875 0.2375
0 0.4296875 0.575 0.1875 0.2375
0 0.2453125 0.8166666666666667 0.1875 0.23750000000000004
0 0.1015625 0.6645833333333333 0.1875 0.23750000000000004
0 0.171875 0.5958333333333333 0.1875 0.2375
0 0.08203125 0.31145833333333334 0.1609375 0.19791666666666666
0 0.19375000000000003 0.303125 0.16250000000000003 0.19791666666666669
0 0.8953125 0.3260416666666667 0.16249999999999998 0.19791666666666666
0 0.95390625 0.30625 0.09218749999999998 0.19583333333333333
0 0.66640625 0.08020833333333334 0.15156250000000004 0.15625
0 0.41171875 0.11666666666666668 0.17031250000000003 0.22916666666666669
0 0.253125 0.09166666666666667 0.140625 0.17916666666666667
0 0.9429687499999999 0.8416666666666667 0.11093750000000002 0.23750000000000004
0 0.35625 0.29374999999999996 0.1875 0.2375
0 0.4390625 0.8708333333333333 0.1875 0.23750000000000004
