0 0.13515624999999998 0.3958333333333333 0.18593749999999998 0.22916666666666663
0 0.38984375 0.6208333333333333 0.1796875 0.29166666666666674
0 0.19765625000000003 0.16458333333333336 0.18593750000000003 0.22916666666666669
0 0.51796875 0.46770833333333334 0.15468750000000003 0.23541666666666672
0 0.5023437500000001 0.8187500000000001 0.15781250000000002 0.22916666666666663
0 0.19140625 0.615625 0.17343750000000002 0.20625000000000004
0 0.18515624999999997 0.7427083333333333 0.17343749999999997 0.20625000000000004
0 0.61015625 0.08541666666666668 0.17031249999999998 0.16666666666666669
0 0.846875 0.31666666666666665 0.15312500000000007 0.19583333333333336
0 0.734375 0.19687500000000002 0.11562500000000009 0.18541666666666667
0 0.80546875 0.1 0.12343749999999998 0.19583333333333333
0 0.93359375 0.14791666666666664 0.1328125 0.21666666666666665
0 0.51796875 0.23645833333333333 0.16093749999999996 0.18958333333333333
0 0.671875 0.38645833333333335 0.1875 0.17708333333333331
1 0.39609375 0.8989583333333333 0.07656250000000003 0.0854166666666667
1 0.25234375 0.48020833333333335 0.06718750000000001 0.0854166666666667
1 0.4390625 0.05625000000000001 0.05937500000000001 0.08750000000000001
1 0.68359375 0.28541666666666665 0.057812500000000044 0.07500000000000001
2 0.7 0.6739583333333333 0.36875 0.46875
