0 0.34921875 0.27083333333333337 0.1953125 0.22916666666666669
0 0.17734374999999997 0.296875 0.20468749999999997 0.26875000000000004
0 0.9007812500000001 0.49895833333333334 0.18906250000000002 0.23541666666666672
0 0.36250000000000004 0.8333333333333333 0.184375 0.20416666666666672
0 0.16562500000000002 0.8541666666666667 0.184375 0.20416666666666672
0 0.09296875 0.125 0.18281250000000002 0.20416666666666666
0 0.79609375 0.1479166666666667 0.22031250000000002 0.2541666666666667
0 0.58671875 0.6104166666666666 0.18906250000000002 0.21250000000000002
0 0.89296875 0.8854166666666666 0.1640625 0.1958333333333333
2 0.61796875 0.3302083333333333 0.32031249999999994 0.4229166666666666
