0 0.23984375 0.6333333333333333 0.1453125 0.22499999999999998
0 0.5359375 0.859375 0.20312499999999994 0.2270833333333333
0 0.74609375 0.234375 0.16093749999999996 0.21041666666666667
0 0.5109375 0.25 0.19062499999999993 0.21250000000000002
0 0.34062499999999996 0.25 0.175 0.22916666666666666
0 0.8500000000000001 0.6302083333333334 0.16249999999999998 0.21875
0 0.925 0.4822916666666667 0.15000000000000002 0.23125
0 0.109375 0.4864583333333333 0.203125 0.2270833333333333
1 0.19921875 0.8291666666666667 0.11406249999999998 0.125
2 0.5734375 0.534375 0.290625 0.3895833333333333
