0 0.10859375000000002 0.27291666666666664 0.18281250000000002 0.24166666666666667
0 0.2890625 0.175 0.21562499999999998 0.24583333333333332
0 0.92734375 0.7979166666666666 0.14531249999999996 0.19166666666666676
0 0.81171875 0.46354166666666663 0.15781250000000002 0.19375000000000003
0 0.41796875 0.4927083333333333 0.16718750000000004 0.19375000000000003
0 0.33984375 0.3989583333333333 0.16093749999999996 0.2145833333333333
0 0.6343749999999999 0.7989583333333333 0.16249999999999998 0.22291666666666665
0 0.809375 0.32708333333333334 0.15937499999999993 0.25
0 0.76796875 0.7375 0.14531249999999996 0.22916666666666663
2 0.56953125 0.24791666666666667 0.32031250000000006 0.425
1 0.07734375 0.44375 0.0703125 0.09583333333333333
1 0.8890625 0.9072916666666666 0.07499999999999996 0.07291666666666663
