0 0.553125 0.11354166666666668 0.16250000000000003 0.18958333333333335
0 0.11249999999999999 0.5729166666666666 0.18437499999999998 0.2583333333333333
0 0.16328125 0.8229166666666667 0.1390625 0.23749999999999993
0 0.0703125 0.8645833333333333 0.1375 0.23749999999999993
0 0.346875 0.42708333333333337 0.16562500000000002 0.2
0 0.6890624999999999 0.38125 0.16562500000000002 0.2
0 0.86328125 0.759375 0.16093749999999996 0.21458333333333335
0 0.46640625 0.5229166666666667 0.15156250000000004 0.19583333333333336
0 0.1671875 0.159375 0.15 0.21458333333333332
2 0.6617187499999999 0.6770833333333333 0.3109375 0.41666666666666663
1 0.97421875 0.309375 0.051562499999999956 0.06874999999999998
1 0.9078124999999999 0.915625 0.05312499999999998 0.0854166666666667
