0 0.84609375 0.5322916666666667 0.2109375 0.2229166666666667
0 0.62265625 0.6052083333333333 0.1328125 0.17708333333333326
0 0.6929687499999999 0.8041666666666667 0.15781250000000002 0.1791666666666667
0 0.44218749999999996 0.40625 0.159375 0.1875
0 0.7296875 0.09479166666666668 0.15937499999999993 0.18541666666666667
0 0.3984375 0.1875 0.15937500000000004 0.1875
0 0.4203125 0.7520833333333333 0.159375 0.1875
0 0.87421875 0.7364583333333334 0.1640625 0.18958333333333333
0 0.8625 0.9229166666666666 0.15937499999999993 0.15416666666666667
0 0.0671875 0.5583333333333333 0.13125 0.16666666666666674
2 0.15625 0.38749999999999996 0.22499999999999998 0.2375
