2 0.33828125 0.4739583333333333 0.3359375 0.3895833333333333
0 0.75 0.590625 0.1499999999999999 0.17291666666666672
0 0.871875 0.3197916666666667 0.15000000000000002 0.17291666666666666
0 0.840625 0.8708333333333333 0.17499999999999993 0.23750000000000004
0 0.18828125 0.6833333333333333 0.14218750000000002 0.1958333333333333
0 0.14453125 0.06562500000000002 0.17031249999999998 0.12708333333333335
0 0.5296875 0.17083333333333334 0.159375 0.20416666666666664
0 0.7328125000000001 0.26145833333333335 0.18125000000000002 0.24791666666666667
0 0.08046874999999999 0.29166666666666663 0.1578125 0.24166666666666664
0 0.0640625 0.6822916666666667 0.125 0.18541666666666667
0 0.06171875 0.7416666666666667 0.1203125 0.17083333333333328
0 0.671875 0.8625 0.12187499999999996 0.17083333333333328
1 0.2265625 0.13333333333333333 0.05625000000000002 0.07083333333333335
