0 0.09531250000000001 0.7583333333333333 0.153125 0.1958333333333333
0 0.055468750000000004 0.5354166666666667 0.1078125 0.2750000000000001
0 0.57421875 0.3739583333333333 0.1953125 0.23541666666666666
0 0.6921875 0.6291666666666667 0.15937499999999993 0.22499999999999998
0 0.346875 0.7302083333333333 0.15625 0.24375000000000002
0 0.90625 0.4979166666666667 0.1875 0.22916666666666669
0 0.57265625 0.09062500000000001 0.1640625 0.17708333333333334
0 0.22109375 0.27708333333333335 0.2078125 0.20416666666666666
0 0.17812499999999998 0.44583333333333336 0.196875 0.27083333333333337
0 0.5296875000000001 0.753125 0.19687500000000002 0.21041666666666659
0 0.3625 0.08125000000000002 0.19374999999999998 0.15833333333333335
1 0.35078125 0.9177083333333333 0.06093749999999998 0.09375
1 0.453125 0.171875 0.059374999999999956 0.08541666666666664
2 0.74765625 0.17291666666666666 0.24531250000000004 0.31666666666666665
