0 0.3515625 0.5958333333333333 0.18437499999999996 0.20833333333333331
0 0.14453125 0.528125 0.18906250000000002 0.24791666666666667
0 0.28984375 0.8145833333333333 0.15781250000000002 0.2124999999999999
0 0.15859374999999998 0.7395833333333333 0.1578125 0.21250000000000002
0 0.9359375 0.428125 0.12812500000000004 0.20208333333333334
0 0.77109375 0.3104166666666667 0.1484375 0.19583333333333333
0 0.48828125 0.115625 0.1796875 0.22708333333333333
0 0.20937499999999998 0.2114583333333333 0.190625 0.24374999999999997
0 0.29765625 0.39583333333333337 0.12656250000000002 0.16666666666666669
0 0.93828125 0.8989583333333333 0.12343749999999998 0.20208333333333328
2 0.79765625 0.65 0.2984375 0.3666666666666667
