0 0.1328125 0.45 0.171875 0.20000000000000007
0 0.09453125000000001 0.175 0.15156250000000002 0.20416666666666666
0 0.1265625 0.8374999999999999 0.175 0.20833333333333337
0 0.2578125 0.7666666666666666 0.17500000000000002 0.20833333333333337
0 0.33671875 0.6260416666666666 0.1796875 0.2520833333333333
0 0.46328125 0.8197916666666667 0.1515625 0.19791666666666663
0 0.62734375 0.7020833333333333 0.16093749999999996 0.1875
0 0.609375 0.23541666666666666 0.19062500000000004 0.22916666666666663
0 0.3671875 0.10625000000000001 0.203125 0.20833333333333334
0 0.34765625 0.3260416666666667 0.17031249999999998 0.19375
0 0.3875 0.3979166666666667 0.140625 0.16250000000000003
0 0.7234375 0.08020833333333334 0.234375 0.15625
0 0.90703125 0.54375 0.17656250000000007 0.16666666666666669
0 0.79921875 0.34062499999999996 0.12968749999999996 0.17291666666666666
0 0.87265625 0.3072916666666667 0.1484375 0.22291666666666668
2 0.86875 0.7958333333333334 0.26249999999999996 0.3833333333333334
1 0.69921875 0.5552083333333333 0.10781250000000009 0.1520833333333333
1 0.14140625 0.28125 0.07031250000000001 0.09166666666666667
1 0.21562499999999998 0.09270833333333334 0.08124999999999999 0.08124999999999999
