2 0.30390625000000004 0.5895833333333333 0.2703125 0.37083333333333335
1 0.18515625000000002 0.7177083333333334 0.060937500000000006 0.06458333333333333
1 0.26328125 0.03229166666666667 0.060937500000000006 0.06041666666666667
1 0.6460937499999999 0.446875 0.06093749999999998 0.06458333333333333
0 0.11484375000000001 0.4354166666666667 0.1765625 0.19166666666666665
0 0.0890625 0.50625 0.17500000000000002 0.19166666666666665
0 0.53203125 0.39166666666666666 0.16093750000000007 0.19166666666666665
0 0.61171875 0.26458333333333334 0.16093749999999996 0.19166666666666665
0 0.52109375 0.15416666666666667 0.18281250000000004 0.21666666666666667
0 0.796875 0.23125 0.21562499999999996 0.21666666666666667
0 0.8203125 0.4229166666666667 0.16874999999999996 0.25000000000000006
0 0.934375 0.8739583333333334 0.12812499999999993 0.2520833333333333
0 0.7375 0.8895833333333334 0.20624999999999993 0.22083333333333333
0 0.51640625 0.9052083333333334 0.1828125 0.18958333333333333
0 0.671875 0.6229166666666667 0.1625000000000001 0.20833333333333326
0 0.08984375 0.165625 0.1328125 0.28125
