2 0.2765625 0.828125 0.340625 0.34375
0 0.61875 0.8489583333333333 0.15625 0.19374999999999998
0 0.15546875 0.4979166666666667 0.1453125 0.25
0 0.76953125 0.9166666666666667 0.13593750000000004 0.16666666666666663
0 0.78828125 0.35833333333333334 0.13593749999999993 0.16666666666666663
0 0.77734375 0.6979166666666667 0.13593750000000004 0.16666666666666663
0 0.72265625 0.6937500000000001 0.1421874999999999 0.20833333333333337
0 0.50546875 0.8260416666666667 0.14218749999999997 0.2270833333333333
0 0.92265625 0.23020833333333335 0.14218750000000002 0.2020833333333333
0 0.82890625 0.290625 0.14218750000000002 0.20208333333333334
0 0.6359375 0.44166666666666665 0.09687499999999993 0.17083333333333334
0 0.565625 0.4666666666666667 0.10312500000000002 0.1958333333333333
0 0.5453125000000001 0.23645833333333333 0.18125000000000002 0.2270833333333333
0 0.54921875 0.07187500000000001 0.1640625 0.13958333333333334
0 0.62109375 0.17083333333333334 0.16093749999999996 0.2333333333333333
0 0.29296875 0.1 0.16718750000000002 0.19583333333333333
0 0.07734375 0.21041666666666667 0.15156250000000002 0.2625
0 0.3296875 0.44166666666666665 0.14375 0.21666666666666673
0 0.8046875 0.55 0.15937500000000004 0.22916666666666663
