2 0.42265625 0.6958333333333333 0.23281249999999998 0.3208333333333333
2 0.0953125 0.20208333333333334 0.1875 0.23750000000000004
0 0.21640624999999997 0.8791666666666667 0.22031249999999997 0.21250000000000002
0 0.17421875 0.6989583333333333 0.1328125 0.19791666666666674
0 0.7234375 0.22395833333333331 0.16875000000000007 0.22291666666666665
0 0.1609375 0.4072916666666667 0.16874999999999998 0.2229166666666667
0 0.4078125 0.234375 0.16875 0.22291666666666665
0 0.35 0.4135416666666667 0.16875 0.2229166666666667
0 0.5546875 0.159375 0.16874999999999996 0.22291666666666665
0 0.8703125 0.4614583333333333 0.16875000000000007 0.22291666666666665
0 0.896875 0.3072916666666667 0.16874999999999996 0.22291666666666668
0 0.8734375 0.17395833333333333 0.16874999999999996 0.22291666666666665
0 0.8890625000000001 0.9322916666666667 0.16562500000000002 0.13541666666666663
0 0.0625 0.7895833333333333 0.12187500000000001 0.23333333333333328
1 0.83984375 0.8229166666666667 0.0546875 0.07500000000000007
1 0.90390625 0.8 0.0546875 0.07500000000000007
1 0.57890625 0.9416666666666667 0.0546875 0.07499999999999996
1 0.20625 0.2947916666666667 0.056249999999999994 0.06458333333333333
0 0.67890625 0.7614583333333333 0.1484375 0.19374999999999998
1 0.81171875 0.6833333333333333 0.0546875 0.07499999999999996
