0 0.321875 0.33125 0.15625000000000003 0.1958333333333333
0 0.3421875 0.8864583333333333 0.159375 0.21458333333333335
0 0.4359375 0.5333333333333333 0.128125 0.1166666666666667
0 0.796875 0.4291666666666667 0.16874999999999996 0.18750000000000006
0 0.91953125 0.7427083333333333 0.16093749999999996 0.23958333333333337
0 0.1921875 0.21666666666666667 0.19375 0.1708333333333333
0 0.0890625 0.9375 0.15625 0.125
1 0.09765625 0.3208333333333333 0.07656249999999999 0.10416666666666669
1 0.47421875 0.4239583333333333 0.0703125 0.08958333333333335
1 0.94453125 0.9114583333333333 0.06093749999999998 0.07708333333333328
1 0.8234375 0.746875 0.0625 0.07708333333333328
2 0.175 0.565625 0.303125 0.3770833333333333
