0 0.56484375 0.24583333333333335 0.19218749999999996 0.21250000000000002
0 0.82421875 0.2833333333333333 0.19218749999999996 0.2125
0 0.81171875 0.4083333333333333 0.19218750000000007 0.21249999999999997
0 0.7421875 0.6302083333333333 0.19062500000000004 0.17708333333333337
0 0.36875 0.5114583333333333 0.14999999999999997 0.21875
0 0.2125 0.6010416666666667 0.14999999999999997 0.21875000000000006
0 0.11875000000000001 0.20937499999999998 0.15000000000000002 0.21874999999999997
0 0.43671875000000004 0.9135416666666667 0.1609375 0.17291666666666672
0 0.39375000000000004 0.3072916666666667 0.159375 0.18958333333333335
0 0.52578125 0.6864583333333334 0.1671875 0.21041666666666659
0 0.93671875 0.80625 0.12656250000000002 0.23750000000000004
0 0.0890625 0.85625 0.171875 0.21666666666666667
2 0.70390625 0.8479166666666667 0.3359375 0.30000000000000004
