0 0.11796875 0.24166666666666667 0.1796875 0.2
0 0.11640625 0.44479166666666664 0.1703125 0.18958333333333333
0 0.234375 0.6333333333333333 0.171875 0.21250000000000002
0 0.1265625 0.78125 0.178125 0.19999999999999996
0 0.32421875 0.8166666666666667 0.17656249999999998 0.17500000000000004
0 0.46875 0.81875 0.18124999999999997 0.1958333333333333
0 0.6484375 0.8395833333333333 0.1656249999999999 0.22916666666666674
0 0.76953125 0.821875 0.1578124999999999 0.1729166666666666
0 0.784375 0.625 0.15625 0.2250000000000001
0 0.86796875 0.5239583333333333 0.19218750000000007 0.16041666666666665
0 0.8359375 0.34895833333333337 0.1937500000000001 0.16875
0 0.590625 0.19791666666666669 0.171875 0.2
0 0.84375 0.12291666666666667 0.1781250000000001 0.24166666666666667
0 0.36484375 0.31145833333333334 0.18906249999999997 0.27708333333333335
2 0.55078125 0.490625 0.3515625 0.45625
