2 0.1796875 0.56875 0.353125 0.35833333333333334
0 0.64375 0.40208333333333335 0.19687500000000002 0.19583333333333336
0 0.671875 0.5458333333333334 0.1656249999999999 0.21666666666666667
0 0.7093750000000001 0.73125 0.16562500000000002 0.21666666666666667
0 0.5328125 0.6958333333333333 0.140625 0.22083333333333333
0 0.46484375 0.78125 0.14531249999999996 0.2666666666666666
0 0.3375 0.7354166666666666 0.14999999999999997 0.20416666666666672
0 0.10859374999999999 0.8010416666666667 0.1734375 0.20625000000000004
0 0.29453125 0.9083333333333333 0.19531250000000003 0.1791666666666667
0 0.57890625 0.8885416666666667 0.12968750000000007 0.2104166666666667
0 0.89140625 0.8447916666666666 0.16093750000000007 0.20624999999999993
0 0.82421875 0.6385416666666667 0.16093749999999996 0.20625000000000004
0 0.84453125 0.5052083333333333 0.16093750000000007 0.20624999999999993
0 0.940625 0.5833333333333334 0.11875000000000002 0.2
1 0.6875 0.878125 0.07187499999999991 0.07708333333333328
1 0.5843750000000001 0.13020833333333334 0.07187500000000002 0.07708333333333335
0 0.40859375 0.13229166666666667 0.1296875 0.18125000000000002
0 0.859375 0.29791666666666666 0.171875 0.25416666666666665
0 0.53125 0.9489583333333333 0.12812500000000004 0.1020833333333333
