0 0.3828125 0.2520833333333333 0.14375000000000004 0.21666666666666667
0 0.07265624999999999 0.3520833333333333 0.1421875 0.21666666666666665
0 0.2296875 0.128125 0.20937499999999998 0.2520833333333333
0 0.38046875 0.4770833333333333 0.1515625 0.24166666666666664
0 0.39765625 0.9197916666666667 0.15468749999999998 0.15625
0 0.25546875 0.7927083333333333 0.19531250000000003 0.2354166666666666
0 0.8070312500000001 0.38645833333333335 0.15468749999999998 0.21041666666666664
0 0.90703125 0.5385416666666667 0.18593749999999998 0.2520833333333333
0 0.66328125 0.525 0.15781250000000002 0.21249999999999997
0 0.57421875 0.89375 0.19218749999999996 0.21250000000000002
0 0.63203125 0.2104166666666667 0.17656250000000007 0.22500000000000003
1 0.8296875 0.20625 0.059374999999999956 0.08333333333333334
2 0.83046875 0.8208333333333333 0.3359375 0.3583333333333333
