0 0.1796875 0.8447916666666666 0.15000000000000002 0.19374999999999998
0 0.6046875 0.903125 0.15000000000000002 0.19374999999999998
0 0.72421875 0.78125 0.17656249999999996 0.1958333333333333
0 0.771875 0.5729166666666666 0.15625 0.1916666666666666
0 0.7359375 0.36354166666666665 0.15937500000000004 0.20208333333333334
0 0.61875 0.525 0.13749999999999996 0.20833333333333331
0 0.27109375 0.31562500000000004 0.1703125 0.19791666666666669
0 0.53828125 0.2729166666666667 0.17968750000000006 0.2375
0 0.16015625 0.140625 0.17343750000000002 0.23124999999999998
0 0.38515625 0.11666666666666668 0.1921875 0.22916666666666669
0 0.15234375 0.471875 0.17031249999999998 0.19791666666666663
0 0.0859375 0.553125 0.16875 0.19791666666666669
0 0.41328125000000004 0.45416666666666666 0.1765625 0.21666666666666667
0 0.83828125 0.16249999999999998 0.1796875 0.2375
0 0.90859375 0.41770833333333335 0.1640625 0.22291666666666665
0 0.90234375 0.8885416666666667 0.1640625 0.22291666666666665
0 0.93125 0.628125 0.13749999999999996 0.21041666666666659
0 0.55625 0.08333333333333334 0.15937500000000004 0.1625
2 0.40859375 0.7677083333333334 0.3390625 0.4395833333333333
