0 0.43437499999999996 0.65 0.159375 0.1958333333333333
0 0.16171875000000002 0.5385416666666667 0.17343750000000002 0.19791666666666663
0 0.31796875 0.46770833333333334 0.21093750000000003 0.23958333333333337
0 0.69375 0.6885416666666666 0.17500000000000004 0.23125000000000007
0 0.85703125 0.7010416666666667 0.1796875 0.2104166666666667
0 0.6171875 0.2916666666666667 0.1656249999999999 0.19999999999999998
0 0.75 0.2625 0.1656249999999999 0.19999999999999998
0 0.746875 0.4541666666666667 0.16562500000000002 0.2
0 0.275 0.2625 0.16562499999999997 0.19999999999999998
0 0.13125 0.23645833333333333 0.16875 0.21875
0 0.93359375 0.16666666666666669 0.1328125 0.20416666666666666
0 0.46328125 0.8968750000000001 0.15468750000000003 0.18541666666666667
2 0.46953124999999996 0.12916666666666665 0.33593749999999994 0.25416666666666665
1 0.05 0.15104166666666669 0.053125000000000006 0.08125000000000002
1 0.7914062500000001 0.8802083333333333 0.06093749999999998 0.06874999999999998
