0 0.09765624999999999 0.35520833333333335 0.17031249999999998 0.21458333333333335
0 0.51640625 0.10833333333333334 0.17031249999999998 0.2125
0 0.72578125 0.2 0.17656250000000007 0.23333333333333334
0 0.9296875 0.5666666666666667 0.140625 0.22500000000000003
0 0.76640625 0.5895833333333333 0.15468749999999998 0.20416666666666666
0 0.4921875 0.4447916666666667 0.16874999999999996 0.21875000000000006
0 0.49609375 0.6229166666666667 0.16718750000000004 0.25416666666666665
0 0.40937500000000004 0.7572916666666667 0.184375 0.18958333333333333
0 0.53984375 0.890625 0.18593749999999998 0.21875
0 0.28203125 0.47291666666666665 0.2171875 0.28750000000000003
0 0.8203125 0.38125 0.2124999999999999 0.2458333333333333
0 0.41796875 0.2677083333333333 0.17031250000000003 0.21458333333333332
2 0.77578125 0.8552083333333333 0.3359375 0.2895833333333333
