0 0.12656250000000002 0.6958333333333333 0.16562500000000002 0.19999999999999996
0 0.20546875 0.5177083333333333 0.15468750000000003 0.19791666666666669
0 0.17109375 0.08958333333333335 0.1546875 0.17500000000000002
0 0.3640625 0.11458333333333334 0.16562500000000002 0.21666666666666667
0 0.6125 0.08958333333333335 0.19687500000000002 0.17500000000000002
0 0.55390625 0.31145833333333334 0.15781250000000002 0.21875
0 0.7164062499999999 0.37604166666666666 0.15781250000000002 0.21875
0 0.8203125 0.640625 0.1781250000000001 0.1729166666666666
0 0.3359375 0.8895833333333334 0.17812499999999998 0.22083333333333333
0 0.8812500000000001 0.275 0.17812499999999998 0.22083333333333335
0 0.8218749999999999 0.17083333333333334 0.17812499999999998 0.22083333333333333
0 0.9109375 0.48020833333333335 0.17812499999999998 0.17291666666666666
0 0.38203125 0.5354166666666667 0.15781250000000002 0.22083333333333338
0 0.2953125 0.35 0.175 0.24583333333333332
2 0.53203125 0.76875 0.3609375 0.45833333333333337
