0 0.51484375 0.3510416666666667 0.1765625 0.22291666666666668
0 0.17578125 0.3260416666666667 0.17656249999999998 0.22291666666666668
0 0.7281249999999999 0.22083333333333335 0.16249999999999998 0.2666666666666667
0 0.91875 0.2875 0.16249999999999998 0.26666666666666666
0 0.8218749999999999 0.5354166666666667 0.16249999999999998 0.2666666666666666
0 0.809375 0.8354166666666667 0.16249999999999998 0.2666666666666667
0 0.7375 0.8666666666666667 0.16249999999999998 0.2666666666666667
0 0.41328125 0.47395833333333337 0.15468749999999998 0.2229166666666667
0 0.67109375 0.48854166666666665 0.15468749999999998 0.22291666666666665
0 0.078125 0.24479166666666669 0.153125 0.22291666666666668
0 0.6 0.09166666666666667 0.1875 0.17916666666666667
0 0.353125 0.07395833333333335 0.2 0.14375000000000002
0 0.33828125 0.453125 0.1359375 0.21875
0 0.28515625 0.5072916666666667 0.13593750000000002 0.21875000000000006
0 0.22890625 0.5489583333333333 0.1359375 0.21875
0 0.11328125 0.590625 0.1359375 0.21874999999999994
1 0.29453125 0.171875 0.05781249999999999 0.07291666666666669
1 0.038281249999999996 0.871875 0.057812499999999996 0.07291666666666663
1 0.22265625 0.671875 0.05781250000000002 0.07291666666666674
2 0.52421875 0.8 0.3296875 0.4
0 0.30234375 0.7510416666666666 0.13281250000000003 0.26041666666666663
0 0.18515624999999997 0.12083333333333333 0.17343749999999997 0.1625
