0 0.64765625 0.475 0.17031249999999998 0.24166666666666664
0 0.6671875 0.115625 0.16249999999999998 0.22708333333333333
0 0.46953125 0.46875 0.19218750000000007 0.28750000000000003
0 0.82734375 0.4916666666666667 0.16093750000000007 0.2
0 0.7734375 0.28020833333333334 0.14375000000000004 0.2020833333333333
0 0.30625 0.14687499999999998 0.15625000000000003 0.19374999999999998
0 0.17031249999999998 0.6468750000000001 0.18125 0.18125000000000002
0 0.33359375 0.56875 0.13906250000000003 0.16250000000000003
0 0.3421875 0.7072916666666667 0.140625 0.2354166666666666
0 0.94765625 0.5562499999999999 0.10468750000000004 0.2875
0 0.23515625 0.365625 0.1796875 0.2604166666666667
2 0.54609375 0.7677083333333333 0.33593750000000006 0.42708333333333326
