0 0.77734375 0.6625 0.14531249999999996 0.1958333333333333
0 0.78046875 0.80625 0.14531250000000007 0.1958333333333333
0 0.39609375 0.884375 0.1515625 0.23124999999999996
0 0.49765625 0.7802083333333334 0.15156250000000004 0.23125000000000007
0 0.31953125 0.4708333333333333 0.12656250000000002 0.22083333333333338
0 0.40234375 0.240625 0.16093749999999996 0.26458333333333334
0 0.17265625 0.38229166666666664 0.1546875 0.21875
0 0.93359375 0.46458333333333335 0.1328125 0.21249999999999997
0 0.14140625 0.7354166666666666 0.1671875 0.20833333333333337
0 0.86875 0.22291666666666665 0.16874999999999996 0.20833333333333334
0 0.6796875 0.10833333333333332 0.16874999999999996 0.20833333333333331
0 0.23125 0.14375 0.140625 0.18333333333333332
0 0.0703125 0.15833333333333333 0.1375 0.18333333333333335
0 0.46796875000000004 0.6083333333333334 0.16406250000000006 0.18333333333333324
0 0.06328125 0.39166666666666666 0.1234375 0.20833333333333337
0 0.22499999999999998 0.5697916666666667 0.11875 0.18958333333333333
2 0.6421875 0.3927083333333333 0.44687499999999997 0.40625
