0 0.14218750000000002 0.628125 0.153125 0.24791666666666667
0 0.1609375 0.24062499999999998 0.15312499999999998 0.24791666666666665
0 0.3046875 0.6760416666666667 0.15312499999999998 0.24791666666666667
0 0.78828125 0.7697916666666667 0.17343750000000002 0.24375000000000002
0 0.39375 0.41145833333333337 0.16249999999999998 0.23125
0 0.4046875 0.21458333333333335 0.16875 0.18333333333333335
0 0.9039062499999999 0.5927083333333334 0.15468749999999998 0.19374999999999998
0 0.4328125 0.8916666666666666 0.17812499999999998 0.21250000000000002
0 0.28515625 0.9104166666666667 0.15468749999999998 0.1791666666666667
0 0.61328125 0.3677083333333333 0.19843750000000004 0.19791666666666669
0 0.53984375 0.08854166666666667 0.17031249999999998 0.17291666666666666
2 0.5648437500000001 0.6520833333333333 0.3609375 0.42500000000000004
1 0.90625 0.734375 0.050000000000000044 0.08125000000000004
