0 0.415625 0.79375 0.171875 0.15000000000000002
0 0.6875 0.38020833333333337 0.171875 0.23958333333333331
0 0.475 0.353125 0.171875 0.23958333333333331
0 0.85234375 0.4520833333333333 0.18281249999999993 0.24166666666666664
0 0.40859375 0.10833333333333334 0.1796875 0.2125
0 0.17031249999999998 0.696875 0.13124999999999998 0.2020833333333334
0 0.81328125 0.9197916666666667 0.14218750000000002 0.16041666666666665
0 0.5734375 0.9197916666666667 0.184375 0.16041666666666665
0 0.12109375 0.2375 0.1609375 0.22916666666666669
0 0.06328125 0.17291666666666664 0.1234375 0.26249999999999996
2 0.59140625 0.6354166666666666 0.2265625 0.28750000000000003
1 0.49765624999999997 0.48958333333333337 0.04531249999999998 0.07500000000000001
