0 0.23046875 0.60625 0.16718750000000002 0.18333333333333335
0 0.13828125 0.9083333333333333 0.1671875 0.18333333333333335
0 0.47734374999999996 0.14479166666666665 0.1671875 0.18541666666666665
0 0.8148437500000001 0.8031250000000001 0.17343750000000002 0.2520833333333333
0 0.67578125 0.2520833333333333 0.1734374999999999 0.25416666666666665
0 0.70390625 0.9166666666666667 0.16718749999999993 0.16666666666666663
0 0.17812499999999998 0.3697916666666667 0.15 0.16041666666666665
0 0.23828125 0.165625 0.17656249999999998 0.23541666666666666
0 0.8046875 0.31979166666666664 0.140625 0.24375
0 0.26875 0.36458333333333337 0.14687499999999998 0.175
0 0.06484374999999999 0.6875 0.1265625 0.2583333333333333
2 0.43515625 0.7 0.37031250000000004 0.4625
