2 0.21015625 0.6395833333333334 0.3234375 0.4125
0 0.4890625 0.703125 0.18125000000000002 0.2270833333333333
0 0.7203125 0.7375 0.17500000000000004 0.275
0 0.66796875 0.3125 0.18281250000000004 0.3041666666666667
0 0.2265625 0.2989583333333333 0.171875 0.18958333333333333
0 0.403125 0.8552083333333333 0.171875 0.18958333333333333
0 0.58203125 0.9125 0.17031250000000003 0.17500000000000004
0 0.94765625 0.459375 0.1015625 0.2520833333333334
0 0.8046875 0.24062499999999998 0.15312499999999996 0.24375
0 0.92578125 0.2 0.1421874999999999 0.19999999999999998
0 0.85859375 0.5614583333333334 0.15468749999999998 0.23125
0 0.37734375 0.13541666666666666 0.1796875 0.22083333333333333
0 0.25390625 0.18125000000000002 0.1796875 0.22083333333333335
0 0.7890625 0.9208333333333334 0.15625 0.15833333333333333
0 0.584375 0.9166666666666667 0.15625 0.15833333333333333
