0 0.43359375 0.30625 0.15781249999999997 0.2583333333333333
0 0.43046875 0.30208333333333337 0.15781250000000002 0.25833333333333336
0 0.65 0.10104166666666668 0.15625 0.19791666666666669
0 0.6140625 0.3833333333333333 0.15625 0.2
0 0.353125 0.50625 0.1875 0.19999999999999996
0 0.24921875000000002 0.7447916666666667 0.1921875 0.2520833333333333
0 0.77734375 0.2989583333333333 0.19218749999999996 0.2520833333333333
0 0.796875 0.7052083333333333 0.1656249999999999 0.23124999999999996
0 0.93125 0.796875 0.13749999999999996 0.1937500000000001
0 0.07421875 0.6468750000000001 0.1453125 0.2520833333333333
2 0.5726562500000001 0.7177083333333334 0.4703125 0.5645833333333333
