0 0.77265625 0.6781250000000001 0.17343750000000002 0.19374999999999998
0 0.81328125 0.35833333333333334 0.17656250000000007 0.22916666666666666
0 0.71953125 0.2 0.14531250000000007 0.21666666666666667
0 0.58671875 0.5729166666666666 0.17031249999999998 0.2583333333333333
0 0.465625 0.7895833333333333 0.16249999999999998 0.20833333333333337
0 0.6390625 0.85625 0.19999999999999996 0.22499999999999998
0 0.403125 0.9114583333333333 0.18125000000000002 0.17708333333333337
0 0.584375 0.17604166666666665 0.15937500000000004 0.18125
0 0.640625 0.31979166666666664 0.15937500000000004 0.18125
2 0.30078125 0.4041666666666667 0.27031249999999996 0.3291666666666666
1 0.8921875 0.959375 0.06562500000000004 0.08125000000000004
1 0.190625 0.5479166666666666 0.06562500000000002 0.09583333333333333
