0 0.3953125 0.7302083333333333 0.21250000000000002 0.22291666666666665
0 0.54765625 0.8770833333333333 0.14218750000000002 0.2124999999999999
0 0.82734375 0.846875 0.1640625 0.21875
0 0.66953125 0.7489583333333333 0.1640625 0.21875
0 0.69453125 0.5427083333333333 0.1640625 0.21875
0 0.5640625 0.203125 0.184375 0.22291666666666665
0 0.38125 0.353125 0.184375 0.25625
0 0.671875 0.39166666666666666 0.1781250000000001 0.22916666666666663
0 0.37109375 0.11458333333333334 0.18906250000000002 0.225
0 0.184375 0.11458333333333331 0.20625 0.13749999999999998
0 0.9140625 0.22083333333333333 0.171875 0.17083333333333336
0 0.92421875 0.34375 0.15156250000000004 0.2041666666666667
0 0.85703125 0.07083333333333335 0.1484375 0.1375
0 0.65859375 0.07083333333333335 0.1484375 0.1375
2 0.15078124999999998 0.5510416666666667 0.29843749999999997 0.4229166666666666
1 0.2859375 0.7124999999999999 0.06874999999999998 0.09166666666666667
