0 0.13906249999999998 0.6697916666666667 0.15 0.20625000000000004
0 0.15468749999999998 0.8052083333333333 0.165625 0.21458333333333335
0 0.384375 0.7947916666666667 0.16562499999999997 0.21458333333333335
0 0.4046875 0.6322916666666667 0.16562499999999997 0.21458333333333335
0 0.31015625 0.6156250000000001 0.13281250000000003 0.18541666666666667
0 0.728125 0.49375 0.15937500000000004 0.1916666666666667
0 0.8890625 0.4541666666666667 0.19999999999999996 0.1916666666666667
0 0.35390625 0.296875 0.15781249999999997 0.20625000000000002
0 0.07734375 0.353125 0.15156250000000002 0.23958333333333331
0 0.13203125 0.13229166666666667 0.2015625 0.21458333333333335
0 0.91875 0.26041666666666663 0.16249999999999998 0.24166666666666664
0 0.8609375 0.89375 0.19999999999999996 0.17916666666666659
0 0.6265624999999999 0.7583333333333333 0.16249999999999998 0.2416666666666667
2 0.62890625 0.22708333333333333 0.43906249999999997 0.45
