2 0.24921875 0.5874999999999999 0.3671875 0.4125
0 0.7164062499999999 0.575 0.18906250000000002 0.22499999999999998
0 0.88359375 0.32708333333333334 0.18906250000000002 0.225
0 0.6546875000000001 0.7583333333333333 0.16562500000000002 0.20416666666666672
0 0.7953125000000001 0.7520833333333333 0.16562500000000002 0.2041666666666666
0 0.9015625 0.6229166666666667 0.16562500000000002 0.2041666666666666
0 0.9171875 0.8 0.16562500000000002 0.20416666666666672
0 0.6343749999999999 0.19166666666666665 0.16562500000000002 0.20416666666666666
0 0.5765625000000001 0.19166666666666665 0.16562500000000002 0.20416666666666666
0 0.496875 0.15416666666666665 0.16562500000000002 0.20416666666666664
0 0.42812500000000003 0.13958333333333334 0.16562500000000002 0.20416666666666666
0 0.2578125 0.08958333333333335 0.17500000000000002 0.17500000000000002
0 0.07578125 0.484375 0.1484375 0.27708333333333335
0 0.490625 0.91875 0.159375 0.16249999999999998
0 0.3578125 0.91875 0.159375 0.16249999999999998
0 0.08046874999999999 0.08125000000000002 0.1578125 0.15833333333333335
0 0.39765625000000004 0.36458333333333337 0.1828125 0.16666666666666669
0 0.8234375 0.9083333333333333 0.25 0.18333333333333335
0 0.2984375 0.24375000000000002 0.13437499999999997 0.22916666666666666
0 0.7828124999999999 0.08958333333333335 0.19687500000000002 0.17500000000000002
