0 0.3125 0.8166666666666667 0.203125 0.25416666666666665
0 0.69375 0.3729166666666667 0.203125 0.25416666666666665
0 0.8765625 0.28125 0.203125 0.25416666666666665
0 0.91953125 0.5625 0.16093749999999996 0.21666666666666662
0 0.87421875 0.7875 0.17031249999999998 0.2333333333333334
0 0.71015625 0.8729166666666667 0.17031249999999998 0.2333333333333334
0 0.53203125 0.8770833333333333 0.17031249999999998 0.2333333333333334
0 0.51171875 0.6895833333333333 0.21718750000000003 0.20833333333333326
0 0.09375 0.41666666666666663 0.184375 0.2541666666666666
0 0.2671875 0.596875 0.18750000000000003 0.18958333333333333
0 0.5390625 0.14791666666666667 0.14687500000000003 0.2125
0 0.10859375000000002 0.21979166666666666 0.18281250000000002 0.22291666666666665
0 0.37734375 0.08229166666666668 0.15781249999999997 0.16041666666666668
0 0.72578125 0.08229166666666668 0.15781250000000002 0.16041666666666668
2 0.4203125 0.37812500000000004 0.440625 0.47708333333333336
