0 0.21328124999999998 0.6958333333333333 0.1578125 0.21250000000000002
0 0.14609375000000002 0.48125 0.15781250000000002 0.21250000000000002
0 0.41171875 0.13958333333333334 0.15781249999999997 0.2125
0 0.21015625 0.19374999999999998 0.1578125 0.2125
0 0.92265625 0.40729166666666666 0.15468749999999998 0.23958333333333337
0 0.92265625 0.8218749999999999 0.15468749999999998 0.23958333333333337
0 0.7835937500000001 0.15729166666666666 0.15468749999999998 0.23958333333333334
0 0.89921875 0.1625 0.18906250000000002 0.25833333333333336
0 0.36406249999999996 0.46354166666666663 0.153125 0.19791666666666669
0 0.4046875 0.653125 0.153125 0.19791666666666663
0 0.75234375 0.8010416666666667 0.1640625 0.21458333333333335
0 0.47578125 0.3510416666666667 0.12343749999999998 0.22708333333333336
2 0.5328124999999999 0.53125 0.19374999999999998 0.22083333333333338
