0 0.25078125 0.7197916666666666 0.1703125 0.2645833333333333
0 0.71875 0.428125 0.1812499999999999 0.22291666666666665
0 0.79375 0.25625 0.14374999999999993 0.22916666666666669
0 0.59453125 0.3 0.1796875 0.23750000000000002
0 0.89140625 0.6895833333333333 0.14531250000000007 0.2333333333333334
0 0.10468749999999999 0.7458333333333333 0.134375 0.21666666666666667
0 0.26015625 0.3385416666666667 0.1609375 0.21458333333333335
0 0.15468749999999998 0.5145833333333334 0.20625 0.1916666666666667
0 0.43984375000000003 0.06770833333333334 0.17343750000000002 0.13125
0 0.6703125000000001 0.840625 0.20937499999999998 0.24791666666666667
1 0.38515625 0.4447916666666667 0.06718750000000001 0.08124999999999999
1 0.82734375 0.9322916666666667 0.06093749999999998 0.07291666666666663
2 0.43359375 0.7010416666666667 0.26718749999999997 0.3354166666666667
