0 0.46796875 0.3208333333333333 0.18281249999999993 0.24583333333333332
0 0.69609375 0.7395833333333334 0.18281249999999993 0.24583333333333335
0 0.84921875 0.8145833333333333 0.18281250000000004 0.24583333333333335
0 0.9109375 0.3677083333333333 0.17812499999999998 0.20625
0 0.93359375 0.5927083333333334 0.1328125 0.24791666666666667
0 0.76796875 0.521875 0.1640625 0.20208333333333334
0 0.71796875 0.28645833333333337 0.1640625 0.20208333333333334
0 0.76015625 0.10520833333333332 0.1640625 0.2020833333333333
0 0.24921875 0.159375 0.1640625 0.20208333333333334
2 0.459375 0.79375 0.34062499999999996 0.4125
2 0.16953125 0.5229166666666667 0.3359375 0.5249999999999999
