0 0.1359375 0.91875 0.15625 0.16249999999999998
0 0.1375 0.20104166666666667 0.165625 0.2104166666666667
0 0.228125 0.3885416666666667 0.14999999999999997 0.25625000000000003
0 0.34609375 0.5125000000000001 0.1171875 0.25833333333333336
0 0.38125 0.24270833333333333 0.16562499999999997 0.21041666666666664
0 0.5406249999999999 0.27604166666666663 0.19374999999999998 0.20625
0 0.51171875 0.09791666666666668 0.1953125 0.19166666666666668
0 0.51484375 0.5270833333333333 0.21406249999999993 0.25833333333333336
0 0.77734375 0.2375 0.15156250000000004 0.1958333333333333
0 0.88046875 0.6375 0.15156250000000004 0.19583333333333341
0 0.47421875 0.8916666666666666 0.1640625 0.20416666666666672
0 0.6890624999999999 0.834375 0.16562500000000002 0.22291666666666665
0 0.9195312499999999 0.2833333333333333 0.14218750000000002 0.18333333333333332
2 0.09609374999999999 0.6510416666666666 0.1890625 0.39791666666666664
