0 0.7375 0.25416666666666665 0.13124999999999998 0.16666666666666669
0 0.80703125 0.07395833333333335 0.1328125 0.14375000000000002
0 0.703125 0.06354166666666666 0.13749999999999996 0.12291666666666666
0 0.71875 0.44895833333333335 0.1468750000000001 0.20625000000000004
0 0.60234375 0.140625 0.13593749999999993 0.17708333333333331
0 0.121875 0.43333333333333335 0.140625 0.20833333333333331
0 0.36250000000000004 0.4822916666666667 0.16875 0.2270833333333333
0 0.215625 0.6854166666666666 0.15625 0.21666666666666667
0 0.17031249999999998 0.8083333333333333 0.15 0.1958333333333333
0 0.21328125 0.13854166666666667 0.1671875 0.21041666666666667
0 0.9046875000000001 0.8947916666666667 0.18125000000000002 0.2104166666666667
0 0.84453125 0.3416666666666667 0.15781250000000002 0.21250000000000002
0 0.8390625 0.6125 0.12812499999999993 0.20416666666666672
0 0.8359375 0.6083333333333334 0.12812500000000004 0.20416666666666672
1 0.30546874999999996 0.8687499999999999 0.06718750000000001 0.09999999999999998
2 0.58671875 0.753125 0.36406250000000007 0.42708333333333337
