0 0.25078125 0.8375 0.14218750000000002 0.18333333333333335
0 0.0625 0.7458333333333333 0.12187500000000001 0.1791666666666667
0 0.6937500000000001 0.7489583333333334 0.13124999999999998 0.22708333333333341
0 0.66796875 0.19374999999999998 0.12343750000000009 0.20833333333333331
0 0.940625 0.08125000000000002 0.11875000000000002 0.15833333333333335
0 0.46406250000000004 0.8979166666666667 0.153125 0.20416666666666672
0 0.57734375 0.928125 0.1015625 0.14375000000000004
0 0.2984375 0.44375 0.159375 0.175
0 0.1578125 0.4875 0.159375 0.17499999999999993
0 0.6390625000000001 0.4135416666666667 0.16562500000000002 0.2104166666666667
0 0.55 0.37916666666666665 0.16875 0.22499999999999998
0 0.9171875 0.6114583333333333 0.16562500000000002 0.2104166666666667
1 0.1421875 0.1375 0.06562499999999999 0.11666666666666667
1 0.609375 0.07083333333333333 0.09062499999999996 0.09166666666666667
2 0.31796875 0.15104166666666666 0.3234375 0.29791666666666666
