0 0.3515625 0.4916666666666667 0.171875 0.21249999999999997
0 0.7140625 0.5541666666666667 0.171875 0.21249999999999997
0 0.86875 0.7375 0.171875 0.21250000000000002
0 0.8546875 0.2375 0.171875 0.2125
0 0.0875 0.17395833333333333 0.171875 0.21875
0 0.3265625 0.7260416666666667 0.190625 0.21458333333333335
0 0.50625 0.26979166666666665 0.190625 0.21458333333333332
0 0.74609375 0.39583333333333337 0.16093749999999996 0.17916666666666664
0 0.29921875 0.09062500000000001 0.1609375 0.17708333333333334
1 0.13828125 0.3458333333333333 0.0703125 0.09166666666666667
2 0.58125 0.8041666666666667 0.35 0.3916666666666667
