0 0.51328125 0.846875 0.21406250000000004 0.19791666666666663
0 0.54609375 0.6947916666666667 0.1453125 0.18958333333333333
0 0.7796875 0.81875 0.18437499999999996 0.2041666666666666
0 0.64921875 0.21458333333333335 0.16093750000000007 0.20416666666666666
0 0.44375000000000003 0.275 0.16562500000000002 0.18750000000000003
0 0.48359375000000004 0.43125 0.14843750000000006 0.1791666666666667
0 0.30000000000000004 0.17395833333333335 0.2 0.2354166666666667
0 0.75703125 0.1 0.14531250000000007 0.19583333333333333
0 0.84453125 0.10520833333333335 0.1796875 0.20625000000000002
0 0.6859375000000001 0.5739583333333333 0.22812500000000002 0.24374999999999997
0 0.665625 0.396875 0.17500000000000004 0.19375000000000003
0 0.28046875 0.8083333333333333 0.1796875 0.26249999999999996
0 0.8734375000000001 0.4770833333333333 0.16249999999999998 0.22083333333333338
2 0.10390624999999999 0.684375 0.2046875 0.4395833333333333
