0 0.503125 0.9010416666666667 0.215625 0.19791666666666663
0 0.73359375 0.35 0.18593749999999998 0.19583333333333336
0 0.93203125 0.44375 0.13593750000000004 0.1958333333333333
0 0.5328125 0.49375 0.14375000000000004 0.2
0 0.33203125 0.9020833333333333 0.13593750000000004 0.1958333333333333
0 0.4125 0.6885416666666666 0.13125000000000003 0.17708333333333337
0 0.13046875 0.09583333333333334 0.1859375 0.1875
0 0.24765625000000002 0.5833333333333334 0.14843750000000003 0.1791666666666667
0 0.92578125 0.6333333333333333 0.1484375 0.1791666666666667
0 0.9390625 0.8208333333333333 0.12187499999999996 0.1791666666666667
0 0.63203125 0.49687499999999996 0.12343749999999998 0.15624999999999994
2 0.440625 0.2354166666666667 0.22187499999999993 0.2666666666666667
1 0.434375 0.434375 0.046875 0.060416666666666674
1 0.825 0.48854166666666665 0.046875 0.06041666666666673
