0 0.5796875 0.4979166666666667 0.171875 0.15416666666666662
0 0.6484375 0.14583333333333331 0.140625 0.22083333333333333
0 0.36484375 0.11979166666666666 0.1796875 0.23124999999999998
0 0.07656249999999999 0.6208333333333333 0.15 0.27499999999999997
0 0.21875 0.5635416666666667 0.16249999999999998 0.2229166666666667
0 0.39531249999999996 0.496875 0.159375 0.18541666666666667
0 0.66875 0.6895833333333333 0.15000000000000002 0.2416666666666667
0 0.8046875 0.6010416666666667 0.140625 0.3104166666666666
0 0.93671875 0.59375 0.12656250000000002 0.3041666666666667
0 0.8890625 0.2625 0.17500000000000004 0.21250000000000002
0 0.64140625 0.3333333333333333 0.17656250000000007 0.18333333333333332
0 0.70703125 0.9083333333333333 0.17656249999999996 0.18333333333333335
1 0.2296875 0.371875 0.0625 0.09375
2 0.38046875 0.7854166666666667 0.3484375 0.4291666666666667
