2 0.3953125 0.25416666666666665 0.3375 0.49166666666666664
0 0.61015625 0.3822916666666667 0.1171875 0.20208333333333334
0 0.6265624999999999 0.14583333333333334 0.14687499999999998 0.24166666666666667
0 0.765625 0.24791666666666667 0.15625 0.1708333333333333
0 0.91796875 0.19895833333333335 0.1578124999999999 0.20208333333333334
0 0.76015625 0.07916666666666668 0.16093749999999996 0.15416666666666667
0 0.7289062500000001 0.8520833333333333 0.17343750000000002 0.20833333333333337
0 0.5 0.9260416666666667 0.16874999999999996 0.1479166666666667
0 0.10546875 0.9125 0.2078125 0.17500000000000004
0 0.08046874999999999 0.678125 0.1578125 0.22291666666666665
0 0.17734375000000002 0.24062500000000003 0.1609375 0.22291666666666668
0 0.46796875000000004 0.5302083333333334 0.1609375 0.2229166666666667
0 0.23046875 0.7197916666666666 0.17656249999999998 0.18958333333333333
0 0.940625 0.39583333333333337 0.11875000000000002 0.20833333333333331
1 0.49062500000000003 0.815625 0.07187500000000002 0.07708333333333328
0 0.6695312499999999 0.525 0.17343750000000002 0.20833333333333331
