0 0.46015625000000004 0.5697916666666667 0.16406250000000006 0.21458333333333335
0 0.796875 0.1875 0.14375000000000004 0.1958333333333333
0 0.9078125 0.49375 0.15625 0.21249999999999997
0 0.11484375000000001 0.2947916666666667 0.15781250000000002 0.22291666666666668
0 0.66796875 0.5989583333333334 0.1578124999999999 0.2229166666666667
0 0.17109375 0.5197916666666667 0.1578125 0.22291666666666665
0 0.5328124999999999 0.09062500000000001 0.16249999999999998 0.17708333333333334
0 0.31875 0.6604166666666667 0.16250000000000003 0.1791666666666667
0 0.58515625 0.903125 0.17031249999999998 0.19374999999999998
0 0.4 0.9291666666666667 0.20625000000000004 0.14166666666666672
0 0.1828125 0.8802083333333333 0.165625 0.23958333333333337
2 0.33671874999999996 0.2791666666666667 0.3390625 0.41666666666666663
2 0.5984375 0.36249999999999993 0.24062499999999998 0.29999999999999993
1 0.96953125 0.8354166666666667 0.05156250000000007 0.06666666666666665
