0 0.80390625 0.5145833333333334 0.17656250000000007 0.20416666666666672
0 0.72109375 0.6020833333333333 0.17656249999999996 0.20416666666666672
0 0.65859375 0.18541666666666667 0.17656249999999996 0.20416666666666666
0 0.8921875 0.2739583333333333 0.18437499999999996 0.23541666666666666
0 0.8109375 0.25625 0.15937500000000004 0.21666666666666665
0 0.36171875 0.4541666666666667 0.1765625 0.20416666666666666
0 0.52265625 0.8479166666666667 0.1765625 0.2041666666666666
0 0.91171875 0.7395833333333333 0.17656249999999996 0.20416666666666672
0 0.44609375 0.16666666666666669 0.17656250000000007 0.20416666666666666
0 0.12421875 0.19374999999999998 0.1765625 0.20416666666666666
0 0.12109375 0.7479166666666667 0.1765625 0.2041666666666666
0 0.27734375 0.6854166666666667 0.17656249999999998 0.2041666666666666
0 0.15859375 0.8979166666666667 0.1296875 0.20416666666666672
0 0.190625 0.4041666666666667 0.22499999999999998 0.25
0 0.6984375 0.921875 0.15000000000000002 0.15625
2 0.3125 0.89375 0.18125000000000002 0.21250000000000002
1 0.58984375 0.20833333333333334 0.0546875 0.0625
