0 0.90546875 0.8520833333333333 0.17031249999999998 0.22083333333333333
0 0.7601562500000001 0.8166666666666667 0.17031249999999998 0.22083333333333333
0 0.27734375 0.8604166666666666 0.14531249999999998 0.21666666666666667
0 0.5757812499999999 0.7093750000000001 0.18593749999999998 0.2520833333333333
0 0.6539062499999999 0.534375 0.18593749999999998 0.2520833333333333
0 0.69609375 0.11875000000000001 0.17343750000000002 0.23333333333333334
0 0.81640625 0.5177083333333333 0.1546875000000001 0.20208333333333334
0 0.15703125 0.309375 0.1671875 0.23124999999999998
0 0.184375 0.7083333333333333 0.190625 0.20833333333333337
0 0.40390625 0.6802083333333333 0.1640625 0.19791666666666663
0 0.41953125 0.9010416666666667 0.1640625 0.19791666666666663
0 0.26015625 0.16979166666666667 0.16406249999999997 0.23124999999999998
0 0.37734375 0.09687500000000002 0.15468750000000003 0.18958333333333335
1 0.83515625 0.353125 0.05156250000000007 0.09375
1 0.71015625 0.3458333333333333 0.0859375 0.10833333333333334
1 0.20703125 0.478125 0.06406250000000002 0.09375
1 0.2078125 0.3989583333333333 0.05937499999999998 0.07291666666666669
2 0.453125 0.33854166666666663 0.33125000000000004 0.40625
