0 0.64453125 0.6364583333333333 0.19843750000000004 0.2354166666666666
0 0.4828125 0.7072916666666667 0.16874999999999996 0.26041666666666674
0 0.33359375 0.7458333333333333 0.15781249999999997 0.1708333333333334
0 0.2921875 0.815625 0.171875 0.17708333333333337
0 0.07578125 0.8875 0.1484375 0.20833333333333337
0 0.1953125 0.2875 0.125 0.2
0 0.90703125 0.4166666666666667 0.15156249999999993 0.22083333333333333
0 0.77734375 0.8614583333333333 0.1640625 0.20625000000000004
0 0.76953125 0.221875 0.1734374999999999 0.21875
0 0.5453125 0.20208333333333334 0.14375 0.18333333333333335
0 0.4671875 0.15625 0.140625 0.1958333333333333
2 0.36328125 0.47187500000000004 0.31718749999999996 0.46458333333333335
