0 0.8828125 0.41770833333333335 0.17500000000000004 0.22291666666666665
0 0.7484375 0.4208333333333333 0.109375 0.23333333333333334
0 0.6265625 0.5697916666666667 0.17500000000000004 0.22708333333333336
0 0.5421875 0.8177083333333334 0.18750000000000006 0.21875
0 0.06796875 0.415625 0.1328125 0.18958333333333327
0 0.540625 0.2760416666666667 0.13437499999999997 0.18958333333333335
0 0.6609375 0.11979166666666666 0.13437500000000002 0.18958333333333333
0 0.9390624999999999 0.6260416666666666 0.11875000000000002 0.20624999999999993
0 0.20703125 0.10416666666666667 0.15468749999999998 0.20416666666666666
0 0.16796875 0.28020833333333334 0.17343750000000002 0.19375
2 0.14765625 0.715625 0.2890625 0.40208333333333335
1 0.9390624999999999 0.9156249999999999 0.06874999999999998 0.06874999999999998
0 0.5625 0.746875 0.15312499999999996 0.14791666666666659
0 0.3609375 0.5145833333333334 0.17812500000000003 0.15000000000000002
