0 0.87734375 0.4875 0.1640625 0.23749999999999993
0 0.78984375 0.10729166666666667 0.1796875 0.21041666666666667
0 0.61953125 0.6583333333333333 0.17656249999999996 0.22916666666666674
0 0.45546875 0.8697916666666666 0.1640625 0.22291666666666665
0 0.27421875 0.865625 0.1640625 0.22291666666666665
0 0.29609375 0.203125 0.1640625 0.22291666666666665
0 0.4203125 0.425 0.17812500000000003 0.22916666666666663
0 0.796875 0.6760416666666667 0.1625000000000001 0.20625000000000004
0 0.7296875 0.7947916666666667 0.16249999999999998 0.20625000000000004
2 0.13828125 0.37916666666666665 0.2734375 0.5083333333333333
