0 0.49140625 0.13958333333333334 0.18281249999999993 0.2125
0 0.7171875000000001 0.18020833333333333 0.14687499999999998 0.20625
0 0.25234375 0.11354166666666665 0.1453125 0.18541666666666665
0 0.89609375 0.446875 0.18281250000000004 0.29375
0 0.6695312499999999 0.6052083333333333 0.17343750000000002 0.22291666666666665
0 0.87109375 0.20520833333333333 0.1734374999999999 0.22291666666666665
0 0.14765625 0.30416666666666664 0.1546875 0.21666666666666665
0 0.81328125 0.7677083333333333 0.17343750000000002 0.22291666666666665
0 0.33828125 0.740625 0.17343749999999997 0.22291666666666665
0 0.58984375 0.8010416666666667 0.1734374999999999 0.22291666666666665
0 0.2734375 0.9083333333333333 0.19062500000000002 0.18333333333333335
0 0.84765625 0.93125 0.1890624999999999 0.13749999999999996
2 0.45078125 0.459375 0.3359375 0.4395833333333333
1 0.7859375 0.4791666666666667 0.07187500000000002 0.09166666666666667
