0 0.415625 0.6802083333333333 0.16875 0.21875
0 0.2625 0.615625 0.15000000000000002 0.21458333333333335
0 0.453125 0.43437499999999996 0.14999999999999997 0.2145833333333333
0 0.21953125 0.38958333333333334 0.17343750000000002 0.22499999999999998
0 0.88203125 0.3145833333333333 0.17343750000000002 0.22499999999999998
0 0.30390625 0.11875000000000001 0.1734375 0.225
0 0.7125 0.328125 0.19999999999999996 0.2354166666666667
0 0.62421875 0.375 0.2515625 0.18333333333333335
0 0.6734375 0.6208333333333333 0.22187500000000004 0.20833333333333326
0 0.80703125 0.70625 0.17656249999999996 0.22083333333333333
0 0.83203125 0.9145833333333333 0.1578124999999999 0.17083333333333328
2 0.190625 0.8541666666666667 0.296875 0.29166666666666663
