0 0.7890625 0.4322916666666667 0.1499999999999999 0.18125000000000002
0 0.84921875 0.6375 0.1328125 0.1875
0 0.9453125 0.7385416666666667 0.109375 0.21458333333333335
0 0.82109375 0.83125 0.16718749999999993 0.19166666666666665
0 0.140625 0.7427083333333333 0.14375 0.19374999999999998
0 0.12734375 0.909375 0.1765625 0.17708333333333337
0 0.28515625 0.6958333333333333 0.19218749999999998 0.25
0 0.32890624999999996 0.4052083333333334 0.1515625 0.22708333333333336
0 0.09140625 0.09166666666666667 0.1234375 0.17916666666666667
0 0.31796875 0.19166666666666665 0.15781249999999997 0.1875
0 0.4296875 0.9322916666666667 0.13437500000000002 0.13541666666666663
0 0.22421875 0.20416666666666666 0.1515625 0.25
0 0.9484375 0.5291666666666667 0.10312500000000002 0.19166666666666665
0 0.4265625 0.5552083333333333 0.15000000000000002 0.18125000000000002
2 0.52578125 0.32083333333333336 0.37968749999999996 0.47500000000000003
