0 0.1796875 0.228125 0.15625 0.28125
0 0.67265625 0.08750000000000001 0.1796875 0.17083333333333334
0 0.44765625 0.11458333333333334 0.18593750000000003 0.21666666666666667
0 0.8539062500000001 0.375 0.18593749999999998 0.21666666666666667
0 0.36640625 0.7083333333333333 0.18593749999999998 0.21666666666666667
0 0.2390625 0.903125 0.18437499999999998 0.19374999999999998
0 0.57109375 0.85 0.17031249999999998 0.23750000000000004
0 0.159375 0.659375 0.165625 0.18125000000000002
0 0.3421875 0.2729166666666667 0.16875 0.225
0 0.2765625 0.48020833333333335 0.22187500000000002 0.26041666666666674
0 0.81328125 0.9135416666666667 0.17031249999999998 0.17291666666666672
0 0.93515625 0.5302083333333333 0.12968749999999996 0.21874999999999994
2 0.56171875 0.5145833333333333 0.3328125 0.4333333333333333
1 0.1390625 0.07083333333333333 0.05937500000000001 0.07916666666666666
