2 0.34609375 0.28645833333333337 0.1984375 0.2520833333333333
0 0.44999999999999996 0.6802083333333333 0.17187499999999994 0.21875
0 0.5359375 0.246875 0.17187499999999994 0.21875
0 0.6265625 0.6208333333333333 0.140625 0.1958333333333333
0 0.78125 0.7125 0.140625 0.1958333333333333
0 0.725 0.7479166666666667 0.140625 0.1958333333333333
0 0.61640625 0.8739583333333334 0.1953125 0.22708333333333341
0 0.38749999999999996 0.5520833333333334 0.153125 0.1833333333333334
0 0.23515625 0.7916666666666667 0.2015625 0.23749999999999993
0 0.1640625 0.09687500000000002 0.171875 0.18958333333333335
0 0.34921875 0.11666666666666667 0.15468750000000003 0.16666666666666669
0 0.7210937500000001 0.09375000000000001 0.17343750000000002 0.18333333333333335
0 0.89453125 0.37604166666666666 0.1734374999999999 0.18541666666666667
0 0.9007812500000001 0.503125 0.17343750000000002 0.18541666666666667
0 0.9265625 0.6177083333333333 0.14687499999999998 0.20208333333333328
0 0.7984374999999999 0.31145833333333334 0.14687499999999998 0.2020833333333333
0 0.715625 0.23645833333333333 0.14687499999999998 0.20208333333333336
0 0.73125 0.38020833333333337 0.14687499999999998 0.20208333333333334
0 0.73125 0.43333333333333335 0.16249999999999998 0.20833333333333331
0 0.6921875 0.4375 0.16249999999999998 0.20833333333333331
0 0.628125 0.48333333333333334 0.16249999999999998 0.20833333333333337
0 0.1734375 0.6041666666666667 0.190625 0.21666666666666667
0 0.8078125 0.925 0.19687500000000002 0.15000000000000002
0 0.0703125 0.88125 0.1375 0.23750000000000004
1 0.1890625 0.26666666666666666 0.05937500000000001 0.09583333333333333
