0 0.7164062499999999 0.7354166666666666 0.18906250000000002 0.26250000000000007
0 0.325 0.63125 0.209375 0.26249999999999996
0 0.09453125 0.4864583333333333 0.1859375 0.18541666666666673
0 0.06796875 0.8885416666666667 0.1328125 0.22291666666666665
0 0.290625 0.14479166666666668 0.190625 0.22708333333333336
0 0.259375 0.3677083333333333 0.190625 0.22708333333333336
0 0.51875 0.909375 0.17499999999999993 0.17708333333333337
0 0.90859375 0.11145833333333333 0.1328125 0.17291666666666666
0 0.65546875 0.16041666666666668 0.20468750000000002 0.23750000000000002
0 0.48828125 0.10937500000000001 0.17656249999999996 0.21458333333333335
0 0.5875 0.6760416666666667 0.171875 0.22291666666666665
2 0.50625 0.4052083333333334 0.35624999999999996 0.42708333333333337
