0 0.14765625 0.44375 0.13593750000000002 0.22500000000000003
0 0.4234375 0.6833333333333333 0.19062500000000004 0.22499999999999998
0 0.875 0.49375 0.140625 0.21249999999999997
0 0.74296875 0.44375 0.1640625 0.21666666666666673
0 0.65546875 0.8927083333333333 0.18906250000000002 0.21458333333333335
0 0.49374999999999997 0.9260416666666667 0.19374999999999998 0.1479166666666667
0 0.29921875 0.9260416666666667 0.1421875 0.1479166666666667
0 0.16953125000000002 0.9416666666666667 0.1234375 0.1166666666666667
0 0.25390625 0.271875 0.1484375 0.17291666666666666
0 0.4125 0.08750000000000001 0.171875 0.17083333333333334
0 0.23828125 0.07395833333333335 0.16093749999999998 0.14375000000000002
0 0.63515625 0.07395833333333335 0.16093749999999996 0.14375000000000002
0 0.8421875 0.8458333333333333 0.12812500000000004 0.2041666666666666
0 0.6734374999999999 0.6916666666666667 0.14687499999999998 0.19166666666666665
0 0.82421875 0.27604166666666663 0.16093749999999996 0.20208333333333334
2 0.46875 0.3614583333333333 0.28125 0.39375000000000004
1 0.0953125 0.6427083333333333 0.109375 0.1312500000000001
