0 0.79765625 0.271875 0.1484375 0.23958333333333334
0 0.53046875 0.27604166666666663 0.14843750000000006 0.23958333333333331
0 0.415625 0.13125 0.2 0.21666666666666667
0 0.2578125 0.13125 0.15625 0.1875
0 0.18906250000000002 0.30416666666666664 0.15625000000000003 0.18749999999999997
0 0.33125 0.32083333333333336 0.15625 0.18750000000000003
0 0.24609375 0.5020833333333333 0.16093749999999998 0.21666666666666673
0 0.32890625 0.8333333333333333 0.16093749999999998 0.21666666666666667
0 0.40078125 0.5145833333333334 0.1609375 0.21666666666666667
0 0.7234375 0.8833333333333333 0.25 0.19999999999999996
2 0.67109375 0.5760416666666667 0.2984375 0.4479166666666667
