0 0.2 0.771875 0.1625 0.21458333333333335
0 0.29921875 0.6541666666666667 0.17031250000000003 0.22916666666666674
0 0.46171874999999996 0.7322916666666667 0.1828125 0.2270833333333333
0 0.46015625 0.8989583333333333 0.18281249999999993 0.20208333333333328
0 0.65703125 0.8260416666666667 0.18593749999999998 0.23124999999999996
0 0.80390625 0.4864583333333333 0.18593749999999998 0.23124999999999996
0 0.61484375 0.5864583333333333 0.19843750000000004 0.24791666666666667
0 0.12578125 0.4864583333333333 0.1734375 0.21458333333333335
0 0.15468749999999998 0.271875 0.175 0.20625
0 0.1953125 0.08645833333333335 0.16874999999999998 0.16875
0 0.7203125 0.2947916666666667 0.14375000000000004 0.18958333333333333
0 0.8171875 0.2760416666666667 0.14374999999999993 0.18958333333333335
0 0.928125 0.09583333333333334 0.14375000000000004 0.1875
0 0.78046875 0.09166666666666667 0.14531250000000007 0.17916666666666667
0 0.91640625 0.7989583333333333 0.16718750000000004 0.2354166666666666
0 0.77109375 0.725 0.19843750000000004 0.25
2 0.42421875 0.215625 0.4015625 0.3854166666666667
