0 0.68359375 0.4229166666666667 0.15156250000000004 0.18750000000000006
0 0.8578125 0.8729166666666667 0.15312499999999996 0.19166666666666665
0 0.5390625 0.42708333333333337 0.14999999999999997 0.20833333333333331
0 0.69765625 0.11145833333333334 0.16718750000000004 0.21041666666666667
0 0.47890625 0.45208333333333334 0.1484375 0.21250000000000002
0 0.48750000000000004 0.7260416666666667 0.15625000000000006 0.26041666666666663
0 0.2484375 0.215625 0.17812500000000003 0.23124999999999998
0 0.14687499999999998 0.4010416666666667 0.17812499999999998 0.18541666666666667
0 0.12421874999999999 0.5583333333333333 0.1421875 0.16249999999999992
0 0.40859375 0.2416666666666667 0.1484375 0.225
0 0.175 0.846875 0.16249999999999998 0.21458333333333335
2 0.6890624999999999 0.7 0.24375000000000002 0.35416666666666663
