0 0.67890625 0.09166666666666667 0.16718749999999993 0.17916666666666667
0 0.8382812500000001 0.153125 0.17343750000000002 0.20625
0 0.5015624999999999 0.28854166666666664 0.19374999999999998 0.24791666666666665
0 0.3203125 0.07187500000000001 0.15937500000000002 0.13958333333333334
0 0.10234375000000001 0.5739583333333333 0.19843750000000002 0.23125
0 0.5546875 0.8885416666666667 0.14687500000000003 0.22291666666666665
0 0.25 0.20625 0.18125000000000002 0.21666666666666667
0 0.6343749999999999 0.4979166666666667 0.18125000000000002 0.21666666666666662
0 0.8125 0.5708333333333333 0.1812499999999999 0.21666666666666667
0 0.3515625 0.9291666666666667 0.20625000000000002 0.1333333333333333
0 0.06640625 0.8447916666666666 0.1296875 0.20208333333333328
2 0.39296875 0.6833333333333333 0.3203125 0.3958333333333333
