0 0.7562500000000001 0.14895833333333333 0.14687499999999998 0.17708333333333331
0 0.51796875 0.221875 0.1640625 0.20208333333333334
0 0.2890625 0.28645833333333337 0.16249999999999998 0.17291666666666666
0 0.09765625 0.26979166666666665 0.12343749999999999 0.2604166666666667
0 0.85234375 0.4395833333333333 0.1796875 0.2666666666666666
0 0.53671875 0.4302083333333333 0.1640625 0.20208333333333334
0 0.42500000000000004 0.43854166666666666 0.14375 0.20208333333333328
0 0.50546875 0.7677083333333333 0.1640625 0.2020833333333334
0 0.58828125 0.6416666666666666 0.1796875 0.20833333333333337
0 0.69140625 0.5479166666666666 0.1796875 0.20833333333333337
0 0.87265625 0.73125 0.1796875 0.20833333333333337
0 0.25859374999999996 0.45729166666666665 0.1515625 0.18958333333333338
0 0.18984374999999998 0.478125 0.1515625 0.18958333333333327
0 0.25546875 0.6677083333333333 0.1828125 0.19791666666666674
0 0.38359374999999996 0.8656250000000001 0.1828125 0.19791666666666663
0 0.3609375 0.10104166666666668 0.225 0.19791666666666669
0 0.7250000000000001 0.7427083333333333 0.14687499999999998 0.17708333333333337
0 0.7046874999999999 0.8489583333333333 0.14687499999999998 0.17708333333333337
2 0.18828125 0.9 0.3078125 0.19999999999999996
