0 0.26640625 0.8041666666666667 0.17343750000000002 0.17083333333333328
0 0.08828124999999999 0.7479166666666667 0.1734375 0.1708333333333334
0 0.47578125 0.8885416666666667 0.12343749999999998 0.20625000000000004
0 0.10859375 0.2947916666666667 0.1890625 0.21875
0 0.22578125 0.4552083333333333 0.1890625 0.21875
0 0.87421875 0.4677083333333333 0.18906250000000002 0.21874999999999994
0 0.7679687500000001 0.44062500000000004 0.18906250000000002 0.21875000000000006
0 0.52421875 0.5072916666666667 0.1515625 0.16875
0 0.1453125 0.09895833333333334 0.190625 0.19375
0 0.89375 0.25 0.12812499999999993 0.21666666666666667
0 0.91796875 0.8197916666666667 0.16093749999999996 0.25625
0 0.684375 0.925 0.15625 0.15000000000000002
1 0.36953125 0.19583333333333333 0.06093750000000003 0.08750000000000002
1 0.84453125 0.12604166666666666 0.06718750000000007 0.10208333333333335
2 0.55390625 0.18125 0.32343749999999993 0.35833333333333334
