2 0.51640625 0.42291666666666666 0.16406249999999994 0.23333333333333328
1 0.34921875 0.475 0.05156250000000001 0.05833333333333329
1 0.42890625000000004 0.5770833333333334 0.05156250000000001 0.05833333333333324
1 0.040624999999999994 0.6125 0.04375 0.07083333333333341
0 0.15234375 0.3458333333333333 0.20468750000000002 0.2666666666666667
0 0.10390625 0.09479166666666668 0.1484375 0.18541666666666667
0 0.075 0.14583333333333334 0.146875 0.1875
0 0.2625 0.14791666666666667 0.18125000000000002 0.19166666666666665
0 0.40078125 0.09687500000000002 0.1796875 0.18958333333333335
0 0.6734375 0.6729166666666666 0.16874999999999996 0.20833333333333337
0 0.7203125 0.8947916666666667 0.140625 0.2104166666666667
0 0.490625 0.8947916666666667 0.140625 0.2104166666666667
0 0.6921875 0.471875 0.15937499999999993 0.20624999999999993
0 0.8109375 0.190625 0.12812500000000004 0.18541666666666667
0 0.93125 0.10104166666666668 0.13749999999999996 0.19791666666666669
0 0.534375 0.6697916666666667 0.16249999999999998 0.22291666666666665
0 0.44375 0.7322916666666667 0.16250000000000003 0.22291666666666665
0 0.30234375 0.7677083333333333 0.1703125 0.2104166666666667
0 0.5375000000000001 0.20104166666666667 0.15000000000000002 0.18958333333333333
0 0.6546875000000001 0.25104166666666666 0.15000000000000002 0.18958333333333333
0 0.76953125 0.04791666666666666 0.16718750000000004 0.09166666666666666
