0 0.7234375 0.22395833333333331 0.17499999999999993 0.21041666666666667
0 0.53828125 0.234375 0.1296875 0.21041666666666667
0 0.48359375000000004 0.9177083333333333 0.14843750000000006 0.1645833333333333
0 0.44375 0.5 0.140625 0.22083333333333338
0 0.41796875 0.21145833333333336 0.1171875 0.18958333333333335
0 0.8375 0.6479166666666667 0.15625 0.23333333333333328
0 0.77265625 0.8291666666666666 0.14531250000000007 0.17916666666666659
0 0.9164062500000001 0.9197916666666667 0.15468749999999998 0.16041666666666665
0 0.69609375 0.946875 0.15468749999999998 0.10624999999999996
0 0.56484375 0.7 0.14531249999999996 0.17916666666666659
0 0.6499999999999999 0.6447916666666667 0.15000000000000002 0.21458333333333335
0 0.08203125 0.8989583333333333 0.1515625 0.20208333333333328
0 0.05234375 0.6666666666666666 0.1015625 0.2416666666666667
2 0.2734375 0.7645833333333334 0.35 0.41666666666666663
1 0.73828125 0.34687500000000004 0.06406249999999991 0.08124999999999999
1 0.9429687499999999 0.5708333333333333 0.07656249999999998 0.08333333333333337
