0 0.26015625 0.3979166666666667 0.17031250000000003 0.21249999999999997
0 0.19921875 0.20104166666666667 0.15156250000000002 0.21458333333333335
0 0.08828124999999999 0.6458333333333333 0.1734375 0.23333333333333328
0 0.26015625 0.8322916666666667 0.1734375 0.2270833333333333
0 0.2796875 0.646875 0.184375 0.21875
0 0.45390624999999996 0.24791666666666667 0.1828125 0.2791666666666667
0 0.7375 0.3614583333333333 0.18437500000000007 0.21875
0 0.91328125 0.6645833333333333 0.17343750000000002 0.22499999999999998
0 0.09921875 0.10520833333333335 0.1953125 0.20625000000000002
0 0.88984375 0.28125 0.1484375 0.2583333333333333
2 0.53671875 0.5614583333333334 0.3984375 0.48958333333333337
