0 0.5921875 0.48125 0.15937500000000004 0.20833333333333337
0 0.11328125 0.10104166666666668 0.1796875 0.19791666666666669
0 0.76875 0.4375 0.17812499999999998 0.23333333333333334
0 0.2515625 0.6020833333333333 0.178125 0.20416666666666672
0 0.9078124999999999 0.8572916666666667 0.17812499999999998 0.2020833333333334
0 0.890625 0.14270833333333333 0.1781250000000001 0.20208333333333334
0 0.44609374999999996 0.21979166666666666 0.17968749999999994 0.2270833333333333
0 0.6539062499999999 0.22708333333333333 0.14218750000000002 0.16666666666666669
1 0.6664062500000001 0.8583333333333334 0.06093749999999998 0.06666666666666676
2 0.20703125 0.271875 0.23281249999999998 0.3145833333333333
