2 0.36250000000000004 0.63125 0.325 0.36666666666666664
0 0.71875 0.4666666666666667 0.16874999999999996 0.2
0 0.7109375 0.26458333333333334 0.171875 0.225
0 0.4015625 0.28541666666666665 0.13124999999999998 0.20833333333333334
0 0.7671875 0.73125 0.17500000000000004 0.20416666666666672
0 0.75 0.8395833333333333 0.17500000000000004 0.2041666666666666
0 0.2859375 0.8875 0.1625 0.18333333333333335
0 0.8328125 0.43333333333333335 0.16249999999999998 0.18333333333333335
0 0.08359375 0.8010416666666667 0.1515625 0.20625000000000004
0 0.0421875 0.31875 0.08125 0.21666666666666665
0 0.43828125 0.8895833333333334 0.18593749999999998 0.15416666666666667
0 0.325 0.08854166666666667 0.1625 0.17291666666666666
0 0.515625 0.18958333333333333 0.15937500000000004 0.22499999999999998
0 0.89765625 0.09166666666666667 0.14531250000000007 0.17916666666666667
0 0.83515625 0.11354166666666667 0.14531250000000007 0.18125
0 0.0859375 0.6229166666666667 0.159375 0.2250000000000001
0 0.5828125 0.8104166666666667 0.15937499999999993 0.2250000000000001
1 0.62578125 0.13125 0.05781249999999993 0.06666666666666667
