0 0.709375 0.7916666666666667 0.15312499999999996 0.20416666666666672
0 0.63046875 0.540625 0.16093749999999996 0.21875
0 0.5796875 0.2947916666666667 0.12187499999999996 0.21458333333333335
0 0.8953125 0.42708333333333337 0.140625 0.20416666666666666
0 0.865625 0.7625 0.140625 0.20416666666666672
0 0.16640625000000003 0.9114583333333333 0.17031250000000003 0.17708333333333337
0 0.35390625 0.359375 0.15781249999999997 0.16874999999999996
0 0.92890625 0.20729166666666665 0.14218750000000002 0.21041666666666667
0 0.81953125 0.628125 0.16093750000000007 0.21875
2 0.33984375 0.678125 0.3046875 0.46041666666666664
