2 0.74296875 0.10729166666666667 0.27656249999999993 0.21041666666666667
0 0.36328125 0.11979166666666666 0.17031249999999998 0.23124999999999998
0 0.26328125 0.4364583333333334 0.1703125 0.23125
0 0.24453125 0.240625 0.17031250000000003 0.23125
0 0.15078124999999998 0.26145833333333335 0.17031249999999998 0.23124999999999998
0 0.07421875 0.353125 0.1453125 0.23958333333333331
0 0.08984375000000001 0.4770833333333333 0.17343750000000002 0.24166666666666664
0 0.74921875 0.6833333333333333 0.17343750000000002 0.2416666666666667
0 0.35546875 0.85625 0.17031249999999998 0.20416666666666672
0 0.21953125 0.8479166666666667 0.1703125 0.2041666666666666
0 0.47109375 0.4125 0.1515625 0.1958333333333333
0 0.86328125 0.5104166666666667 0.1734374999999999 0.20416666666666672
0 0.58046875 0.85625 0.17031250000000003 0.25
0 0.41484374999999996 0.7020833333333334 0.1984375 0.23749999999999993
0 0.56015625 0.5395833333333333 0.19843750000000004 0.2375
0 0.7890625 0.31666666666666665 0.21562499999999996 0.24166666666666667
0 0.54765625 0.2833333333333333 0.17656250000000007 0.24166666666666667
1 0.259375 0.596875 0.06250000000000003 0.07291666666666663
1 0.47187500000000004 0.921875 0.06250000000000006 0.07291666666666674
