0 0.18125000000000002 0.453125 0.153125 0.2104166666666667
0 0.3671875 0.23645833333333333 0.15312499999999996 0.21041666666666667
0 0.22890624999999998 0.2833333333333333 0.14843749999999997 0.15833333333333333
0 0.3390625 0.5229166666666667 0.171875 0.22499999999999998
0 0.459375 0.39375 0.19999999999999996 0.22916666666666663
0 0.759375 0.8583333333333334 0.17500000000000004 0.19166666666666676
0 0.8734375 0.9104166666666667 0.15625 0.1791666666666667
0 0.7523437500000001 0.6427083333333333 0.20468750000000002 0.21875
0 0.85234375 0.371875 0.15781250000000002 0.21875
0 0.11953124999999999 0.17604166666666665 0.2203125 0.21875
0 0.6273437500000001 0.45729166666666665 0.15781250000000002 0.24791666666666673
2 0.36015625 0.8052083333333333 0.3765625 0.38541666666666663
1 0.28046875000000004 0.15208333333333335 0.05156250000000001 0.06666666666666668
