0 0.53203125 0.7166666666666667 0.1671875 0.2124999999999999
0 0.40312499999999996 0.6729166666666666 0.1375 0.17499999999999993
0 0.13671875 0.23124999999999998 0.1359375 0.2583333333333333
0 0.89921875 0.36041666666666666 0.16718749999999993 0.21250000000000002
0 0.33671875 0.4479166666666667 0.17031249999999998 0.21666666666666667
0 0.46015625 0.45729166666666665 0.15156249999999993 0.20208333333333334
0 0.55390625 0.4666666666666667 0.15468749999999998 0.19166666666666665
0 0.32421875 0.8666666666666667 0.15468749999999998 0.19166666666666665
0 0.055468750000000004 0.5114583333333333 0.1078125 0.2104166666666667
0 0.28671875 0.6770833333333334 0.1546875 0.19166666666666665
0 0.7562500000000001 0.35625 0.14687499999999998 0.21666666666666667
0 0.8078125 0.6072916666666667 0.18437500000000007 0.2270833333333333
0 0.746875 0.803125 0.18437500000000007 0.2270833333333333
2 0.5679687499999999 0.18645833333333334 0.3734375 0.36875
