0 0.08125 0.43854166666666666 0.13125 0.19791666666666663
0 0.46015625000000004 0.5489583333333333 0.1609375 0.26458333333333334
0 0.82578125 0.3885416666666667 0.16093749999999996 0.2645833333333334
0 0.7367187500000001 0.7885416666666667 0.17343750000000002 0.26041666666666663
0 0.67578125 0.428125 0.1484375 0.21041666666666664
0 0.68515625 0.159375 0.1484375 0.21041666666666667
0 0.06874999999999999 0.7541666666666667 0.134375 0.20833333333333326
0 0.9421875 0.2520833333333333 0.11562499999999998 0.20833333333333334
2 0.3421875 0.31354166666666666 0.265625 0.24375
1 0.43671875 0.7958333333333334 0.06093749999999998 0.07500000000000007
1 0.7679687500000001 0.56875 0.06093749999999998 0.07499999999999996
