0 0.0703125 0.6645833333333333 0.1375 0.24583333333333335
0 0.1984375 0.34791666666666665 0.171875 0.25833333333333336
0 0.60078125 0.5552083333333333 0.13906249999999998 0.2145833333333333
0 0.4109375 0.6010416666666667 0.17812499999999998 0.17291666666666672
0 0.54375 0.753125 0.190625 0.21041666666666659
0 0.35624999999999996 0.8302083333333333 0.190625 0.2104166666666667
0 0.6234375000000001 0.11354166666666665 0.15000000000000002 0.2020833333333333
0 0.73125 0.2677083333333333 0.20000000000000007 0.17708333333333334
0 0.790625 0.8895833333333334 0.17500000000000004 0.22083333333333333
0 0.77890625 0.646875 0.19843750000000004 0.21458333333333335
0 0.12890625 0.8927083333333333 0.18593749999999998 0.21458333333333335
0 0.325 0.121875 0.15000000000000002 0.20208333333333334
0 0.8703125 0.40729166666666666 0.15000000000000002 0.20208333333333328
0 0.81640625 0.08125000000000002 0.15156250000000004 0.15833333333333335
2 0.45390624999999996 0.321875 0.3234375 0.4604166666666667
