0 0.41953125 0.6 0.1640625 0.1875
0 0.91796875 0.50625 0.1640625 0.2458333333333333
0 0.3453125 0.365625 0.19687499999999997 0.16458333333333336
0 0.42578125 0.8822916666666667 0.16093749999999996 0.16874999999999996
0 0.78828125 0.18854166666666666 0.16093750000000007 0.16874999999999996
0 0.56328125 0.365625 0.16093750000000007 0.16875
0 0.07421875 0.8364583333333333 0.1453125 0.19374999999999998
0 0.23515624999999998 0.08229166666666668 0.1515625 0.16041666666666668
0 0.25859374999999996 0.9104166666666667 0.1515625 0.16249999999999998
0 0.92421875 0.9177083333333333 0.15156250000000004 0.1645833333333333
0 0.6421875 0.8947916666666667 0.15312499999999996 0.1645833333333333
2 0.24140625000000002 0.6104166666666666 0.1765625 0.24166666666666664
