0 0.6765625 0.4364583333333333 0.140625 0.21874999999999994
0 0.49921875 0.9010416666666667 0.16718749999999993 0.19791666666666663
0 0.64453125 0.8552083333333333 0.16718750000000004 0.19791666666666674
0 0.5734375 0.6812499999999999 0.19062499999999993 0.22083333333333333
0 0.1828125 0.7270833333333333 0.19062500000000002 0.22083333333333333
0 0.2375 0.47395833333333337 0.15 0.2145833333333334
0 0.703125 0.13125 0.19999999999999996 0.24583333333333332
0 0.7734375 0.9052083333333334 0.14375000000000004 0.18958333333333333
0 0.7328125 0.6416666666666666 0.13749999999999996 0.23333333333333328
0 0.43828125 0.07604166666666667 0.15781250000000002 0.14791666666666667
2 0.45390625 0.3614583333333333 0.3765625 0.4854166666666666
