0 0.68203125 0.34375 0.19218749999999996 0.20833333333333334
0 0.5296875 0.6833333333333333 0.1875 0.2666666666666666
0 0.78671875 0.5166666666666666 0.17656249999999996 0.2458333333333333
0 0.29453125 0.815625 0.21093750000000003 0.21041666666666659
0 0.059375000000000004 0.359375 0.115625 0.2979166666666666
0 0.60625 0.13333333333333333 0.203125 0.24166666666666664
0 0.77265625 0.125 0.1328125 0.24583333333333335
0 0.9234375 0.66875 0.15312499999999996 0.2583333333333334
0 0.9296875 0.371875 0.140625 0.2270833333333333
0 0.93203125 0.08958333333333335 0.13593750000000004 0.17500000000000002
0 0.57109375 0.8927083333333333 0.18593749999999998 0.21458333333333335
1 0.8140625 0.3572916666666667 0.046875 0.06458333333333333
1 0.64296875 0.5010416666666667 0.08281249999999996 0.09791666666666671
2 0.42812500000000003 0.375 0.30625 0.3666666666666667
