0 0.503125 0.5072916666666667 0.1375 0.19791666666666663
0 0.6296875 0.596875 0.13750000000000007 0.19791666666666663
0 0.8859375 0.328125 0.13750000000000007 0.19791666666666666
0 0.79296875 0.528125 0.1890624999999999 0.23125000000000007
0 0.38046875 0.31354166666666666 0.18906249999999997 0.23124999999999998
0 0.3375 0.5291666666666667 0.16250000000000003 0.22083333333333327
0 0.3796875 0.11041666666666668 0.16249999999999998 0.21666666666666667
0 0.221875 0.4666666666666667 0.16249999999999998 0.22083333333333327
0 0.85625 0.7437499999999999 0.16249999999999998 0.22083333333333333
0 0.5046875 0.8145833333333334 0.16249999999999998 0.22083333333333333
0 0.3265625 0.8812500000000001 0.16250000000000003 0.22083333333333333
0 0.08203125 0.7583333333333333 0.1609375 0.22083333333333333
0 0.24375000000000002 0.7041666666666666 0.1625 0.22083333333333333
2 0.6453125 0.23645833333333333 0.3375 0.41875
1 0.9546875 0.615625 0.059374999999999956 0.07708333333333339
