0 0.75 0.2791666666666667 0.1656249999999999 0.19583333333333333
0 0.70703125 0.45729166666666665 0.16718750000000004 0.21041666666666664
0 0.7554687499999999 0.08229166666666668 0.17031249999999998 0.16041666666666668
0 0.14296875 0.30833333333333335 0.1640625 0.22083333333333335
0 0.534375 0.7947916666666667 0.184375 0.22291666666666665
0 0.7453125 0.653125 0.18437500000000007 0.22291666666666665
0 0.057031250000000006 0.4395833333333333 0.11093750000000001 0.1791666666666667
0 0.13124999999999998 0.6875 0.19374999999999998 0.1958333333333333
2 0.45234375 0.5197916666666667 0.2984375 0.4145833333333333
1 0.825 0.440625 0.08750000000000002 0.09375
