0 0.80859375 0.5177083333333333 0.19843750000000004 0.21458333333333335
0 0.52890625 0.7010416666666667 0.11093749999999997 0.21875
0 0.62890625 0.4385416666666666 0.19843750000000004 0.2145833333333333
0 0.62578125 0.43437499999999996 0.19843749999999993 0.2145833333333333
0 0.5703125 0.334375 0.1312500000000001 0.16875
0 0.46484375 0.28229166666666666 0.19843750000000004 0.21458333333333335
0 0.4125 0.11354166666666668 0.16562499999999997 0.22291666666666668
0 0.07109375 0.14166666666666666 0.1390625 0.22499999999999998
0 0.05 0.3927083333333333 0.096875 0.2104166666666667
0 0.4109375 0.8125 0.16562500000000002 0.2250000000000001
0 0.09453125 0.875 0.16093749999999998 0.2041666666666666
0 0.09765625 0.66875 0.1609375 0.20416666666666672
0 0.20390625 0.8510416666666667 0.1640625 0.16874999999999996
0 0.84375 0.13125 0.15625 0.22083333333333333
0 0.934375 0.3364583333333333 0.13124999999999998 0.14791666666666664
2 0.27890625 0.5552083333333333 0.3390625 0.4229166666666667
1 0.625 0.609375 0.09687500000000004 0.13541666666666674
1 0.92109375 0.04687499999999999 0.07968750000000002 0.08958333333333332
