0 0.665625 0.5052083333333334 0.15625 0.2145833333333334
0 0.58984375 0.5270833333333333 0.16093749999999996 0.26666666666666666
0 0.84765625 0.5604166666666667 0.18281250000000004 0.2333333333333334
0 0.90625 0.7552083333333333 0.15937500000000004 0.20208333333333328
0 0.39921875 0.54375 0.17031249999999998 0.22916666666666669
0 0.10625 0.31875 0.14375 0.2
0 0.08906250000000002 0.7770833333333333 0.14375000000000002 0.2041666666666666
0 0.8804687499999999 0.13333333333333333 0.13906249999999998 0.175
0 0.4296875 0.3364583333333333 0.13749999999999996 0.18541666666666665
0 0.1828125 0.8489583333333333 0.1875 0.23958333333333337
0 0.47890625 0.83125 0.1953125 0.20833333333333337
2 0.60703125 0.17708333333333334 0.3484375 0.35000000000000003
